3956
32022
5301
19914
925
7443
24095
27312
23104
25978
11250
25732
6799
3357
30346
23193
15400
31524
22679
16947
15608
31661
6626
21770
13368
14552
32320
2591
2793
32014
31888
29323
18952
17461
4709
21232
24
10849
5274
2886
27704
29729
5047
14951
11832
14614
7964
5402
24705
8357
10363
31887
21269
19859
28436
16059
4209
24941
24526
30370
18040
13136
21904
4517
5873
7728
28406
13313
16351
23946
3810
17822
25626
8145
7378
19594
21720
6301
3724
25153
31026
10972
10695
7086
2735
17183
22746
11644
32598
11726
10906
17601
27282
78
19583
18629
5985
16283
26932
9104
21139
17570
25588
16407
7938
360
13003
18901
6987
24349
30325
10195
27143
372
23717
3663
9413
28266
30261
6747
4246
26115
30619
27043
4375
8872
5357
24669
22258
11400
17357
31402
28012
7356
28640
11046
18472
24922
4613
29227
28143
10331
9905
25617
22845
28646
7113
13713
8839
8581
7578
23097
31623
531
27255
98
27840
25760
3544
17527
16886
5880
12759
16333
3308
14612
29735
17694
10071
26455
26558
27545
13954
16217
18184
9359
8617
25636
24131
19468
18166
22575
4234
25372
15735
2190
26329
3894
28845
7940
5120
26741
3505
28449
8650
19652
12106
7567
25753
29560
16394
31557
22858
30257
509
30131
7339
25020
30250
19726
3169
30342
5488
23654
31682
1886
1039
27923
21746
3486
7566
30480
6202
24218
6272
10405
14067
17310
18149
5450
11097
28814
28321
7672
32293
19787
11525
32750
3736
9608
4600
18707
6601
6723
12650
23429
30713
16348
14555
1794
23024
26644
16387
4383
15412
16606
12544
2391
1534
24587
18410
31192
11875
12223
2881
28105
6083
6420
23627
21108
16552
8341
18860
3776
1005
17309
28361
1484
6435
6837
31022
28189
26999
21309
31715
2741
8945
164
149
453
14144
10851
6214
3804
26899
27457
2710
30269
29215
24697
18260
296
13214
8999
29379
25471
11244
25808
6456
4321
7433
13446
4974
25632
15365
25214
30401
7413
11621
6531
4292
29270
32150
20304
18017
22592
28733
5447
13236
29776
26017
23938
52
18358
28961
30053
31825
18481
16756
3030
16739
5056
10625
12733
22475
12203
17485
30913
1700
2615
26966
22736
26550
26102
13606
6835
16300
5664
15053
266
17238
8031
24776
20253
10732
13886
24306
24557
1965
24972
31901
19484
31954
11761
16678
9113
29043
18586
22215
4272
12431
12615
87
7058
13136
29304
13859
13411
17470
8059
28685
12554
11722
19813
10576
3059
27013
13326
12316
8575
29874
27616
8206
23994
390
537
19383
13631
14459
12294
391
23654
16615
2842
5311
29110
24915
12849
2745
15840
31305
30615
674
4662
26596
3239
32366
7083
23689
19151
12009
3517
7989
31875
17620
31236
16799
24977
11637
21049
15289
9474
13425
18781
8198
18302
17190
31683
10143
8945
5124
27652
18211
10382
1040
8144
21272
1006
32405
18323
3971
10153
10208
10243
21771
27370
16125
15633
21051
5160
13974
15815
12495
24149
14668
16840
2732
11937
2274
25103
10199
15191
10446
19221
4296
5621
27691
18812
12736
10507
17379
24694
4888
7006
7628
28073
3046
27128
5318
1678
1471
3111
6208
31756
14227
25612
20708
14435
24970
11807
12843
1442
7674
20830
21754
6355
32665
9958
12285
26197
1771
24461
21298
21833
13765
28287
16104
10561
31802
22294
1156
1914
17970
16494
15155
526
28370
2367
10759
13338
27199
5054
7974
171
19184
24891
7436
10905
28267
6537
10119
28192
24560
20885
30171
10928
19559
29891
10059
24507
9643
19192
191
31317
4341
23696
6215
21518
28809
2079
14330
13259
31946
4585
22212
22516
16397
9702
29015
4274
8089
15649
12026
25416
29256
6818
6368
30895
19627
32335
9426
30402
32433
16923
5263
19779
26874
14327
14181
19900
347
28699
25059
26566
16663
32508
16866
27080
31921
18822
5079
28373
32163
24135
14699
4887
10428
17400
19714
14190
31896
8489
8080
31354
9606
25984
26291
6038
5370
12048
16727
17874
32408
16377
10216
15451
638
8577
9155
23692
31012
31806
26719
4310
20575
9026
25766
6907
26860
31091
22718
29110
19559
28532
6873
15045
14471
2997
16362
30536
8170
10891
295
18353
12283
751
16036
9449
4971
21484
9516
29369
31100
15338
3668
30392
20945
26280
17004
12795
28413
3702
2632
12630
3846
29670
3808
6256
28981
12620
10036
13519
27831
26656
28514
11006
7699
6248
10718
32059
20644
11257
24826
7530
18198
23398
21749
5224
10629
7293
22437
8231
12244
9182
21294
135
12786
6158
4822
3693
26983
15042
14591
29454
24019
987
30360
8205
30784
20812
2773
23779
18788
15180
20159
5508
21852
778
2855
26718
14576
23357
24684
13240
10395
12914
26717
10053
24229
15677
26164
15723
15578
5855
15101
14778
31230
24614
26593
25512
18395
30991
28375
19810
12641
16499
11612
6695
11442
28511
16755
4504
6137
6924
19841
27686
10331
11870
9156
24154
17000
2506
20031
19307
17537
19389
23011
17779
11843
12356
7905
25553
16165
8813
14785
944
14800
27406
17543
8691
30089
11227
15268
30299
19435
2558
9895
16731
3777
30996
22212
29911
425
74
23918
16430
22213
234
14660
5496
24486
12396
10255
29595
11379
21616
11844
21540
31611
19049
26449
21934
11933
12344
8947
14843
2851
13104
2841
7245
3059
23935
11635
1080
20448
16268
4133
25971
8513
15935
4168
3612
28105
30377
23577
30739
2601
14860
23341
26512
16684
17457
15736
2204
13175
8843
11308
29610
12824
4657
23840
4569
26811
24128
30943
7979
24881
18488
17072
25767
11456
32032
27285
11773
22998
6498
32230
25902
2659
30015
28675
26459
464
31732
15548
5904
1291
26768
21955
15607
4178
29082
6378
27432
30146
30534
20957
26102
27122
7556
7652
1926
27003
7554
9069
20304
14330
14206
19388
14948
4417
10219
8090
13330
24189
19795
4493
28703
28499
10776
31889
28005
8487
29506
4003
17898
23755
12796
27229
7655
20768
16427
6082
6991
6992
2382
29418
31046
29628
24125
26201
22895
21580
32504
31133
8226
5982
23514
6278
24776
11666
23210
22176
25275
27634
3287
26660
473
3506
24423
9002
23090
25234
468
8377
15705
20507
21380
26894
2969
29
3668
11357
29364
12332
12009
28691
29107
26406
20206
27908
15401
13180
23282
22182
14627
28120
8478
29370
11849
12953
12162
19474
9209
21030
19692
29367
26342
10616
26916
12894
28256
2625
18964
4636
28891
15802
23461
15239
1448
28357
19088
7300
12793
15177
17579
14396
10227
20150
2464
2437
23892
14319
3284
16248
22815
14493
8380
22920
29438
326
12902
26177
1661
8616
141
3298
30443
9284
9805
9680
12591
19222
26586
23026
24348
16290
4975
12857
5291
15721
26207
4601
18840
13457
26751
7056
22540
3852
20397
6987
10181
26792
22879
506
1344
14841
29595
14907
10566
13292
10302
8110
8388
13754
15412
29808
11714
27765
4845
26382
27201
11568
9955
14644
25853
8391
17716
23074
13382
18811
22086
21868
1925
16384
6875
27702
19127
20787
18998
30438
9932
3752
16545
12462
3990
12903
20980
11342
3696
6189
26452
5661
31069
6194
24738
13179
29758
5501
25192
28187
21236
14267
27302
28029
6948
13047
17050
9407
1138
22459
11226
13704
25955
14511
2392
28283
16416
29183
20971
30921
1823
16266
22571
31018
3159
32585
16187
10403
18050
29433
8778
29235
8393
28010
19221
4354
8833
31359
32596
30110
8338
7763
16268
7304
10608
2290
25047
24352
13535
310
2937
4221
11238
21631
1719
15454
28019
2297
10565
23741
31886
19536
18948
30824
558
6956
19515
18565
21741
15954
4589
22780
20208
30171
4364
3003
31699
5271
20163
821
14756
5743
16392
19191
4851
604
17430
20128
3433
5603
2694
6348
29171
1021
32625
13495
2437
9460
12232
10002
31260
27582
5730
9946
2872
5028
15930
22296
25724
26054
18311
16205
32109
21087
18416
4662
15548
11827
31385
4657
18481
4332
2274
15479
9584
11555
28901
12985
6620
7852
25041
29836
933
7758
16748
11085
17635
4333
8368
18233
19135
30508
14932
18098
22961
3440
23184
6012
29118
19077
10896
19563
12464
3201
30941
15999
17083
19638
6428
2290
27556
27008
12935
21639
5396
14898
24329
13864
16693
23684
6601
16940
17240
23895
23958
23790
5588
369
24759
9738
2021
21899
9836
8299
22732
9945
342
5591
27997
32680
6
6236
4766
21713
18064
20260
25126
30073
8392
25296
29958
29214
7579
341
5050
2523
13673
12410
21476
965
12582
8614
3173
26064
18262
1227
3167
6911
22131
8958
9991
25364
8575
31338
25706
21112
11220
14477
15212
32003
16170
9797
32396
9742
26316
3818
25779
6012
30286
21531
21597
26541
17061
3642
20273
20231
14065
4228
3783
31949
17800
1501
21161
3951
26354
23965
1596
10291
8233
1520
282
10309
31556
28676
29864
20994
21403
2370
15196
14701
21458
22401
20375
28303
9702
3843
4723
11614
29671
9062
22804
26272
28079
7626
21762
25650
19755
23979
7223
24695
806
29246
22091
24604
572
28485
4558
21843
8311
32164
445
26779
21150
8929
21682
16422
27055
15691
4521
10928
13894
17479
23162
26329
12723
20455
27623
25793
27078
13334
3786
22874
27335
18783
11182
10570
6915
20671
21340
19545
15958
28134
20711
28462
11290
21431
13650
3931
11506
18445
9441
26718
22746
2030
11555
19221
26597
11702
11240
27562
30998
8047
21295
5199
20583
10996
23664
16443
14076
30456
12263
15186
7838
25595
7568
28435
24559
8186
13980
27207
6139
10300
27629
21110
28017
32450
19016
32004
3762
27299
1175
30440
13957
10084
26244
21282
26724
17778
634
25769
25098
16648
31471
25913
17316
29574
28495
9287
10925
13633
11668
26491
22659
23175
9735
7702
28254
32206
22999
1157
10212
5774
3115
25993
5914
26079
16814
30452
15941
4748
14880
23633
2583
24204
16510
7109
24271
19711
17478
15293
15055
10932
145
32675
3745
20764
19511
27525
17618
1491
20520
1843
29379
8322
28581
24569
6315
13273
31101
29902
27542
19502
11561
23762
26630
22622
25137
227
18772
12974
3234
15429
11591
26950
4640
17804
5343
15243
19712
4478
8700
12895
1030
22316
9421
20657
3134
28586
11144
31958
23128
865
1268
28728
24057
17895
21526
196
12933
11285
26866
29489
7455
26212
32437
5418
17891
30356
4650
12700
8951
16234
28524
65
18977
18097
24047
15532
5575
29767
9359
789
7270
14432
11535
14528
3358
10645
18114
25942
22785
9530
22996
15153
9591
6781
21373
32064
28344
4324
18290
13264
32732
24812
26635
16246
7152
15040
23064
2969
7981
902
7959
2147
20403
3926
30079
18305
11092
23591
31358
3804
26374
17474
26956
13290
30532
25790
23889
4756
7431
22119
10254
22990
24970
13538
6606
365
19617
13875
17710
24239
28661
5077
6685
18925
22715
5522
19860
22817
8712
31272
1123
30555
21333
27743
11837
2593
7024
16600
12265
17731
10567
22753
9959
1989
20856
5691
23516
27309
24320
30646
5976
12699
17339
2098
11027
5544
21066
4524
922
14786
6117
3210
739
1546
21073
23219
18035
13216
18491
20447
2561
26745
878
5454
15784
4597
3169
30228
4657
4499
12893
25542
22805
25240
16664
14297
17830
4710
22411
30923
23175
8911
8498
22540
27348
23637
15519
1626
30799
9273
4334
21176
13654
12978
5442
3
29048
25191
29056
24082
17845
2521
27024
25739
28542
28359
16354
4908
9922
2121
31088
16591
24442
13543
25286
17098
26556
20439
22809
18358
1219
7877
9858
29398
1690
21017
18596
14981
6098
11252
6744
11583
12938
20701
28537
3926
14595
29137
18738
2158
28468
1035
19745
29754
31912
4514
19058
2115
4066
22437
16639
21110
21637
32532
21692
17137
22696
7335
5913
10530
4830
18992
2291
32496
9754
18429
6873
13182
23659
31393
29828
5794
25155
31190
9789
21906
15374
24597
645
1191
22024
28404
13865
4441
7930
12602
5830
29843
24253
6147
3009
23886
30505
7622
1537
2759
8381
4437
21657
30476
13530
26042
18733
11212
13700
5595
19265
4036
8003
25029
9173
4677
19625
18594
3572
21470
9111
15168
3488
19678
21772
9767
1522
27505
17080
3663
12569
9544
7653
10071
4665
10280
23294
29382
8699
27754
19737
24417
16653
25246
12572
4897
776
30432
11152
18376
27384
27951
29637
10187
13175
31951
21760
2228
10865
23215
23472
2949
25626
1933
7096
27980
26722
2163
2518
22597
42
1579
9342
3077
1769
1478
8252
15541
14596
12198
199
23844
26076
19202
26927
26001
15926
7358
30126
15274
7323
30552
22454
32519
24770
9285
17797
18214
1272
12324
19973
2357
11415
29190
12270
10005
3890
6816
15744
22065
14120
22442
16092
16008
8834
20946
31940
31602
9730
4374
10691
19708
31289
3588
27134
14174
25093
25030
3112
26452
26471
16461
32516
29645
18451
22529
4172
17800
17531
9308
16507
20941
9286
9971
11146
25549
1642
23709
15590
1987
1282
5709
28866
17096
11775
26823
3887
21941
3534
24754
3393
18326
29466
2944
30056
27986
30380
25234
14430
2430
17122
2549
12953
20585
25743
13635
9418
31755
6064
30019
2841
25410
11009
14594
16041
7854
24580
11137
7830
5000
28864
30568
27636
5768
7366
6693
3993
8565
18828
18325
16753
20856
3494
17334
11933
15171
28040
3013
10716
32637
5310
24351
28672
4984
23496
30219
22304
17403
532
27413
29845
6632
28405
6163
23480
16804
28924
1038
10563
28095
20650
26402
5744
6592
16591
8592
22990
2139
20604
17930
22878
32638
4246
6539
25083
23352
27199
14881
25757
48
26623
8535
16916
23204
5226
20435
30196
1492
10064
23986
6937
6259
27036
271
1583
11325
12535
21684
20212
19018
7811
22049
8345
30580
12412
30973
29875
10680
29253
7801
2767
2351
258
18007
3412
23429
25018
13649
9526
5893
19774
4941
16187
9463
7926
19206
13726
19913
15660
12861
23181
7129
5480
14335
19294
5796
23987
438
23694
30294
24067
6340
16715
30208
17661
11280
9823
29846
23194
10207
30
1891
11643
30371
13361
8460
14452
30651
22139
3007
2505
3149
3416
3421
3845
24310
12325
27094
24616
22875
2136
26669
30825
22163
27969
10344
14053
31487
3240
22542
28434
768
25572
4363
1503
11855
16399
27784
17667
1629
8521
19400
28631
5984
22036
24642
533
740
17669
5017
11628
23437
29018
2246
13679
27859
5241
4494
17203
7794
9071
28070
18018
17925
20527
16667
26832
13610
28075
13180
31174
14781
13653
20780
10351
13422
22073
15133
18812
4115
13645
15849
13161
32278
30823
15645
28822
13943
18116
14430
30504
3002
17950
8622
27027
9404
13195
8743
20867
7717
24432
18478
10914
15661
30274
17042
18192
17078
1381
12616
15372
10100
4997
5260
6791
4772
25510
8786
1850
13817
9238
7183
19593
20284
5169
17570
27585
22468
31374
8612
11257
11622
10392
11661
22576
8598
10056
12380
29983
17613
27299
17217
3684
18780
16295
5313
31860
32254
6549
3410
7876
25081
5153
18221
14944
3713
21220
2804
5298
23732
31742
9198
5633
8303
6871
13880
9119
18865
1991
9964
23083
23410
23847
9703
11574
32636
10539
28421
17576
24697
14551
6139
1706
8020
22035
22758
22789
6324
17129
17498
5760
16386
29409
24054
27493
25621
29995
18447
32662
18095
15693
29144
4918
16908
30671
5520
4054
11216
20472
15189
8566
12701
7988
23649
4264
22497
12089
11455
12533
803
21921
1388
3245
16422
9321
6334
31326
22465
17340
3723
2429
14936
4737
16785
14353
23953
4811
6560
32761
27745
9467
31465
31884
17031
8637
28893
24556
3125
20401
7804
14328
3222
16540
26424
23260
13196
18243
23314
11146
18655
6217
21303
29469
1983
26215
13588
5944
20245
22288
25277
26049
20114
9782
22069
13390
11330
4745
1731
1410
29702
24452
6512
28920
11062
9786
27290
12778
18437
2751
29219
23907
23770
16853
20355
5263
2581
8122
4617
19216
26416
11238
25591
7496
31758
17555
14082
2665
22019
27897
16311
8318
12758
25352
22152
10607
1132
26470
6699
29229
19053
12218
21688
265
17214
7238
17810
20156
15964
23049
19613
30243
14525
19525
4082
17081
1260
15225
19177
24962
7978
16702
28426
24720
4967
11925
6061
1855
24255
29034
14858
17192
5454
12869
7616
27496
23762
24032
17542
11723
30732
1936
10210
18013
12774
15699
22253
1962
26117
15268
20094
9166
28851
12872
32429
8897
4667
19424
11534
23076
31490
6678
29563
1164
3563
27743
4756
18876
19870
12686
23658
16819
8965
20609
17136
22040
10082
18479
5876
16823
27481
32427
24758
29896
6867
24994
4851
7060
13871
30783
16827
12667
19566
23965
4314
18144
10675
4794
17840
23693
32114
10484
28238
5505
7869
21461
3255
16620
9529
5213
7672
8897
11664
10272
1763
14295
6384
10615
20012
12969
30088
30474
233
7148
9656
25204
529
23076
30644
30782
19314
17310
25449
21310
20145
4716
10704
30075
12199
24144
31821
21519
32058
32696
27410
31014
25771
19218
18963
9714
23226
20764
17087
27616
15954
31468
28814
12003
5204
18903
18632
1118
19747
16656
8061
1642
5321
28890
27121
6242
30846
26316
30027
31563
6326
1189
31107
17988
24840
22810
31061
6316
29411
21994
7375
7810
6084
20015
29253
3567
6110
18767
2663
28774
26408
208
15698
25530
2941
18909
30328
29638
21773
6493
20893
29261
22925
16360
14186
2792
3538
28018
26880
26975
21063
14973
9969
6624
13808
4738
15834
17673
4056
26072
18523
15098
30798
18354
4356
14968
29500
29566
12342
30803
16963
14923
32701
4760
30019
5206
1138
31957
6859
18977
14152
23335
13627
23365
21897
27691
20794
25960
361
31422
25724
22754
3026
5147
32287
13080
23395
26519
30332
1766
11383
12640
16999
28642
11551
16887
1844
15657
25108
5647
12667
8549
17068
12737
24215
7215
18301
31861
24228
9614
22931
14524
30690
12775
18678
25125
4449
26149
2191
28852
2615
23944
17473
11982
31771
13653
24446
26507
25550
14995
11737
6057
15194
20063
11926
27646
19548
20163
26375
23377
32656
6017
11808
12892
15143
21087
24512
28504
3292
5299
8983
14667
31664
8682
2654
5406
19002
8215
13802
26501
7042
5399
18317
16338
5429
23473
27362
13211
11867
27916
6712
6891
17193
9507
12336
20169
6382
26717
15952
1889
21805
30437
19367
24224
22375
32464
5008
32
8415
22102
31327
16342
10391
5086
8333
19104
28602
14896
15576
22331
32388
24504
32729
20083
26529
3456
13575
20773
4037
15460
5710
12103
28894
15471
6378
4478
15184
24009
4804
6506
28763
1764
13881
20356
20831
19279
13836
27959
8273
1689
12700
9327
25311
16850
11204
4249
12899
22973
11055
2310
7256
8825
25577
32398
15940
18693
3243
14990
32049
20698
8067
1735
3981
13110
16735
18204
18523
8673
20006
27504
5044
20722
28911
9792
30091
7868
8423
7984
20104
30432
23406
25680
3525
12897
25656
13651
17939
16139
23823
24493
22769
12269
10483
7680
23691
28990
15749
9594
19069
17077
127
1467
17213
24531
6809
13938
3375
7784
16403
30027
26417
23966
12039
3932
22891
17589
7821
6967
14597
13940
22431
25723
8230
12483
389
10603
7432
23973
5482
1486
13558
14858
3318
21554
16265
28674
22511
7005
5594
15213
14977
2685
5195
4551
11776
11460
27978
12042
15862
17953
28113
30247
5153
11706
27373
5903
29505
28711
32442
32255
16349
21612
2157
30454
17471
23963
17304
16108
17198
25777
23250
10379
18832
1757
18751
18028
9220
641
2874
961
8659
11175
21169
27900
14303
26896
3941
26917
4437
11649
14131
15459
21451
28096
5513
24214
19099
15537
18796
6647
15316
6778
21399
9355
9437
1348
12218
657
7324
2901
11819
20483
23040
21588
2846
1662
31146
22970
31090
11403
23098
16412
27257
21350
13242
16710
1444
32484
31757
10703
20317
17594
3664
32139
1780
1315
6888
15146
18854
12487
1855
29944
24586
11972
5770
25980
26356
28501
30544
29075
23250
18264
24596
21841
15877
2956
31868
31422
8025
18153
13385
14818
29658
24120
31524
23734
19855
16045
26483
16752
14340
16344
13492
13890
25147
16980
4853
23570
13409
13881
6394
25380
19924
18406
1493
3535
9098
8750
28571
31484
27627
2882
3259
3818
14209
9105
24891
23070
30763
25983
20469
8656
7381
27296
16705
18829
27572
4525
18295
22414
19854
24918
27590
4966
1856
29474
18590
25605
24861
1283
4505
23419
7407
13726
10240
30354
23463
14479
16785
24781
30887
5511
28216
17815
28764
18258
5026
26281
29672
2786
23983
14235
17361
30695
13111
7258
16666
28282
16381
14401
14669
13807
16716
28377
12355
24364
16239
2558
29805
17467
17796
22951
12793
19213
11376
20755
287
7994
18696
13460
15383
19948
4358
17606
4004
1716
5478
1422
5839
16998
5576
3603
21135
17310
31859
32155
28275
6185
10891
15469
10427
11224
24871
4204
11924
1914
23208
6758
31252
19833
32529
22335
22752
24198
482
30043
30418
21713
5793
27707
26078
26901
14074
3313
22823
200
8717
26033
29469
18206
31328
5760
25287
22432
30117
27414
10467
17919
4438
10909
30201
5789
30864
5692
10509
8905
10037
30272
18603
9272
3612
30357
26721
8661
24945
14692
8798
29492
26534
9022
12456
20767
25001
17600
4875
21609
30615
1689
25463
31990
27138
6014
22489
1906
6549
20329
20411
17952
18600
4512
8509
4645
14795
7949
2318
29797
21792
14895
9654
29993
13081
6234
8098
24719
12100
22196
15481
412
25168
32273
21594
13178
27581
7919
1712
22011
5641
21072
25950
16659
19895
17880
22022
27850
11817
31833
13343
20451
25442
22892
2616
18466
8240
6722
17074
30074
17500
14588
24239
181
16435
30387
7544
15700
2697
27068
12107
3070
20784
15969
11337
11815
16775
12195
10624
19567
4807
1246
1660
15333
27282
12563
9669
21868
18802
3461
27177
20400
17142
9548
366
20067
17902
16770
24802
23003
7759
3063
24517
26435
4734
17163
3329
10368
17320
10911
20082
30347
32402
22426
19213
3773
28443
13799
16305
11871
3597
27101
32641
11010
31895
18696
20070
19177
20545
22345
19434
21126
26122
17771
13571
26456
12132
4337
5157
7067
4376
26168
26948
32429
821
1838
3248
19259
17212
8980
12488
22409
20853
72
4437
24508
8243
12934
16633
27011
28746
812
15138
347
3118
26675
19675
18613
8359
23649
5603
3733
3882
25
7294
21946
10664
5644
1458
16043
22413
3347
17270
29432
6674
28461
7491
26129
20540
22802
32547
30060
844
7002
21401
7737
6374
5635
24568
15131
14393
26200
8103
9333
5240
31009
20818
6221
34
22033
10118
7066
30483
4176
11734
3716
12167
9328
24996
22245
24204
32406
21963
21835
32152
1565
4337
19369
32492
2336
27709
15567
7461
13999
30636
13899
15478
631
19610
24506
15333
25682
24298
31627
14934
16596
6803
11334
15450
897
15475
22700
25188
2550
3550
25190
21037
297
28689
20902
26417
13544
12939
29981
32725
15876
26475
7293
26149
14320
5492
3488
15668
21326
29644
5305
5151
27340
30003
15352
13290
13430
30433
25559
3103
29570
911
8858
24107
5438
27231
29945
19082
7731
4611
6205
27020
1078
8625
7524
3826
30389
28383
6653
13268
30957
13922
24163
29631
6910
32275
14640
9442
12698
30736
11482
1856
16211
4782
26488
1664
2190
28928
1780
8419
28743
21434
4539
7375
5935
18148
8869
20404
14038
10618
7267
5537
14036
8810
5076
17314
23790
15306
27575
5532
32006
12970
13737
10712
22051
3359
19183
20870
7646
11851
14971
29006
17543
6725
4421
21928
8458
17011
8054
28130
2635
3350
31984
5385
27277
3737
5628
26515
30871
24872
28567
2517
12146
8601
1186
8436
24466
9665
12930
4901
1869
10262
23766
6725
11789
325
11233
21679
21805
18086
7809
946
19531
31554
25332
5027
3538
25212
5002
29314
24243
32587
25112
15163
14769
31308
24246
11733
10649
30190
21036
16980
11363
31105
31671
17817
3388
23354
19484
19679
29583
5045
30803
10495
32370
1290
17746
32758
18624
25699
31371
20022
28291
31303
9640
13594
13783
2664
15333
16442
25372
12852
5202
25950
4861
15596
4389
19593
7746
11407
12828
10963
13987
249
8973
22571
14921
21508
17033
15348
12984
20322
13239
24247
13667
19829
13922
470
27420
13658
11669
712
19304
19377
22708
9909
7330
18573
9020
26867
32381
16552
24953
21991
5195
21171
9504
23201
18882
12715
27205
20616
25249
3201
8654
31910
29849
31947
7941
4690
14678
13178
1655
2646
32107
13504
23351
11149
32446
14078
24353
18894
12506
30937
20227
9443
3390
25341
29906
3327
8533
12002
27745
7620
5565
7906
11899
29551
4322
13645
6275
24891
20770
10309
22874
1623
3223
1149
7519
16844
21150
16842
14908
32167
9097
18266
29963
19562
30715
4515
10591
14478
10590
17059
17396
250
2414
23723
9699
1916
1788
29707
3465
11182
10735
22057
19011
29602
21085
16319
6099
8408
5589
6446
26888
27433
17600
8158
11540
21170
11211
21179
21782
32373
472
20517
22773
23972
19143
19116
17930
7523
17231
29520
28611
13116
1908
18102
31739
21225
3689
19240
13682
9326
4604
20651
28220
8939
24354
14167
11206
15841
12082
15532
14539
10397
4273
29790
8124
22422
10364
2351
19494
28676
1404
9803
21346
4605
12627
22550
24098
23029
8782
31694
17081
8784
12991
18893
18124
29733
21305
11110
3
16225
1085
4118
31529
8385
32567
13201
14037
26685
24019
32575
30879
20985
4159
8311
30286
32033
20535
1834
31529
1277
29588
6608
18927
20020
13021
15098
27957
24401
23389
25472
3985
6398
28484
18325
24645
15611
26920
20696
28136
8613
10491
6044
19017
27081
5863
15512
12747
18193
7551
29469
22602
21267
10986
18126
29738
31325
18349
30409
19795
2493
28198
14111
2002
28525
19579
12359
7879
23911
16121
12476
20113
17586
3001
13711
22911
30122
1463
27959
21493
2261
26342
11012
11200
30924
23094
7127
25771
9489
55
20727
29461
27750
14910
10089
11233
5709
21110
32494
32533
