29518
16656
14213
20842
7310
20549
28659
10695
6373
31692
1995
7226
12854
16028
11264
30339
8619
663
20483
17832
15378
22903
30360
2465
29229
17228
23861
15408
13266
653
3895
24765
1777
6896
20939
31799
19167
14938
2944
22578
31876
31019
3383
29139
23634
31361
12577
20698
4361
27734
31953
602
22155
19434
9238
14454
2897
27002
25052
15055
7173
30470
21770
31201
19177
18675
15651
10777
29442
10040
22792
26723
23254
8882
16215
26567
26098
26537
4689
678
6339
27583
29517
24195
6673
1468
27837
30089
19848
1540
6328
28187
12473
17532
16962
7291
11941
20716
32722
32568
14907
21052
18308
5062
17103
21183
18567
10371
14002
24243
32343
7277
1284
31133
14603
31921
19324
1747
528
1598
3441
10892
25445
18849
18171
26377
25217
25771
31330
15769
12399
25471
14792
18326
24899
12913
23469
16608
23492
30264
11201
7139
32651
7097
944
16019
9821
26056
4544
18481
4378
17373
16669
24435
24991
2870
3432
30783
3653
23349
13861
1847
18866
10030
19314
26716
6531
17098
14102
1569
31126
1283
6776
28702
23522
7929
21355
6984
26396
5515
25944
9366
11275
23762
2360
28980
11507
31771
28798
8760
2241
14068
22978
1176
29546
19640
6339
31106
26520
14220
14019
20847
19940
2381
3610
1988
18687
13869
29061
17643
26248
16411
13554
27593
29754
21476
27111
27971
18525
16789
31684
8303
7616
2614
4215
25135
2177
21780
1377
2794
19992
16207
14742
17948
29718
1411
23354
22690
14406
95
16565
17229
26005
26886
5629
20218
28231
28885
15721
31675
28308
13310
26694
20487
64
24248
20338
17618
24904
9758
27617
14627
8772
25051
26711
978
4420
14092
14110
2005
10961
5579
13996
13330
2707
15003
854
32423
30330
18987
26504
18213
11913
30787
20490
21204
18904
27985
18332
9377
15044
4312
1021
20322
17714
640
920
21769
17588
12392
25771
13853
1982
21443
31527
8742
25213
4120
7309
14906
29145
19083
22200
18906
15087
15554
3717
3556
6117
31268
10657
31094
28543
29975
8270
22611
22730
24296
11894
29921
30189
10969
14216
14080
28680
11407
12407
2572
7407
19364
2337
287
9933
21306
32196
25471
6920
14440
26825
9283
27406
11273
9674
17138
18785
20272
3760
4207
13503
8843
18
16008
18382
17679
15422
21159
3903
6793
1619
32279
3735
4250
6931
5427
10127
30877
21703
7851
1880
13650
8782
2254
14761
8026
32490
5603
29642
11843
6729
1448
27536
31363
27162
18776
9800
23405
21415
15754
7236
23313
13647
3368
7636
7562
5094
22254
25641
689
25253
5665
31657
11805
11960
12946
14238
1438
9534
12058
18273
29367
30276
22607
23662
12216
28743
21328
16480
11664
31597
27745
3711
17060
13228
2059
14599
29079
21329
23368
30205
25400
16965
30895
1587
266
32005
3722
27658
14841
4750
5872
10524
6635
14699
5301
6020
2559
8886
14335
10956
2968
28186
13716
31652
19699
3983
15990
6574
1495
15466
4231
30676
8858
9316
19552
15655
4473
16488
24222
14584
15643
5497
29969
31813
25273
7241
24003
13645
15559
19323
6266
15282
2123
28982
382
13427
17414
22432
17214
17721
30990
25421
25024
2614
18746
8452
5399
7726
6687
2979
16428
10680
25015
16719
5146
4861
4333
1399
26435
1890
5539
28188
30865
25935
25782
10306
9532
5664
346
21575
9911
19963
31912
20191
576
17320
8931
11145
28418
267
27171
25989
29559
26162
25316
18815
10836
6990
15047
9488
28365
28164
31297
8418
27458
29107
28884
26448
23872
16305
23964
18191
4017
11457
23426
14822
29488
13546
12731
4881
19361
1432
13154
30680
16344
2604
24007
13422
9976
19157
6380
1884
23651
19246
19499
18192
7216
19298
4282
8352
7780
11046
14065
14886
1226
844
32469
29805
15530
5274
31376
2536
18631
2506
28888
3632
23261
26408
32086
30472
20799
5782
17159
113
5916
15798
27916
2485
32215
18713
17808
14604
5403
11243
26633
1299
13432
10502
11659
30485
21912
30154
15138
30638
25634
30885
30239
15429
14287
17959
8267
7120
19491
18518
32625
10443
16398
9280
21651
4139
2102
29327
14457
17694
990
18603
12779
6856
28910
14650
18207
8235
28595
6676
29193
4424
27493
20657
19396
20363
17023
12020
30043
21666
11307
1284
16872
18261
12640
24327
25855
11703
2808
31186
14820
18756
19208
24139
13118
4949
21672
11646
9618
17646
25539
30790
28047
14988
29410
24739
14047
20176
28648
8803
4263
957
8639
8759
28732
10024
4023
16504
18686
12121
5915
5624
29918
15709
19909
21224
6372
24676
12189
24924
27533
5149
23576
11521
25222
27504
13140
9880
13240
27308
6772
15658
12024
28794
15212
8198
4185
13371
12191
21459
21713
22448
21767
15615
13847
6371
22563
3004
31668
20202
11760
3753
24827
18265
136
14847
14656
3138
30776
2694
28515
19050
4427
16672
25934
1894
10853
16964
30801
27267
7596
26590
6258
2008
32663
4724
26002
5805
21541
3053
28406
6868
6729
26298
11001
19181
14866
12728
22784
14328
9965
5944
30025
27900
8817
27338
18136
8432
10071
22348
16990
8226
24975
7599
14023
16111
6106
7494
9973
19103
13226
11829
13760
13230
7109
12802
22145
9077
23236
4576
10465
29249
3055
11370
2672
17498
7514
11491
29711
8059
23009
6156
11611
7927
25574
25394
31194
7185
7140
27717
3157
29681
24237
23333
18794
16168
6448
3428
11971
19293
5859
31143
30601
9660
19754
32739
3447
22856
22076
27000
29572
17928
4375
30209
16430
29254
26010
22917
3672
18960
4366
22092
13319
1938
4452
28800
10038
31962
804
28355
6781
14555
23034
26269
5987
10972
23933
32234
31676
7721
3485
4349
5643
22990
19728
29400
20993
15845
21625
13836
18790
15086
4892
31938
29012
30408
22455
15898
14677
26967
29912
11626
2615
11972
17725
21390
10733
2384
14927
8563
23613
22186
7362
9456
13948
18146
16968
1854
10385
2686
20224
4985
17936
19839
28333
17605
18219
24065
12260
26263
5317
2883
8866
5204
9511
15348
3225
8337
28173
6070
10971
16957
26498
8050
13700
6275
3545
13355
11663
29246
3564
16361
20264
21403
27894
3983
20148
27121
1738
26673
11775
4525
155
5562
16948
8858
18521
10392
7486
10838
12753
3146
3571
31844
29073
14632
15329
32173
26007
10013
3633
25760
17284
11118
16675
19117
30716
31733
24219
1740
15487
22903
7841
18327
14225
26332
22453
1859
30945
16726
17336
12045
19438
28595
31766
734
15975
7568
27034
15840
32098
2692
12282
17017
11595
27360
32129
22850
5792
6436
1973
22008
4293
11430
10898
14631
9979
10092
17498
11850
25209
543
15266
14144
31545
12586
13042
22390
7835
22330
22730
9743
25419
16931
17811
21970
16466
15813
28790
18531
21610
15391
12931
29546
27967
20096
23081
20092
20271
20713
8000
23905
28796
29114
15812
31753
29072
23885
32313
28809
21135
26128
22600
31220
6396
2356
13965
14387
28925
11636
13522
24159
17935
21608
32525
10661
1837
26951
32479
26043
8453
24995
9853
32274
9910
17378
25210
10516
7021
18886
3938
30010
14479
20085
14281
4148
13690
19567
3603
772
12569
27896
23369
26849
24367
12571
12085
12931
4507
7548
16163
22946
28497
14521
31951
6251
14202
24716
21053
30512
13600
18263
22185
13780
3011
2225
10712
15802
22539
32346
12811
24965
6249
16940
2889
30290
10248
31067
19604
2237
11097
1452
12363
27165
31312
4772
3885
13870
19745
13491
3279
3782
10407
10666
29623
4237
20052
6712
24474
6004
8254
8556
16809
10972
23551
3471
307
31024
32080
30663
21352
23710
19803
17249
815
7917
29753
3473
30772
19164
13116
10448
15833
19790
25778
29442
5741
19283
6492
4046
8759
24396
433
24135
3487
13566
25322
29419
19386
1427
27521
30116
10622
23548
10974
21390
22765
26242
2091
24250
32188
25747
32184
25595
21135
16954
8970
23260
24546
11690
30522
4446
22433
32128
29105
19311
9498
4934
1347
509
5892
2237
5804
9862
27038
23926
9144
14462
15054
28339
14149
31580
20942
19997
28547
4963
2181
537
21734
6840
18323
24666
2767
18866
16496
3383
1455
17880
5530
30037
1729
7115
14664
12346
28079
318
23233
2047
29600
2728
23025
16767
17094
9559
12886
5710
20550
16872
7263
5708
747
15428
3835
3393
1277
22514
3292
26248
17264
7403
27662
10102
32595
11171
12658
26976
32743
14832
11246
25880
5372
30880
4124
25035
25692
28138
16411
3041
14468
17842
15800
21538
29817
17203
10627
26861
15198
26730
22958
14274
27308
15201
31739
1916
28975
24741
29229
9833
10661
27462
30794
27516
17754
1614
32038
15241
28885
28242
11618
10558
30039
25275
22342
32112
14856
12040
10205
9248
12704
15668
389
26408
31029
6526
30662
17409
26410
31657
29682
13929
8562
17181
18331
26830
31182
29869
7390
10823
6883
8849
17566
676
16428
2965
14094
19329
17109
23241
24441
19642
24663
19547
1629
8107
16995
29277
4054
22942
18213
6581
18520
4747
2809
7871
25684
10964
18520
27560
14854
24137
20044
3388
21360
18206
5486
13072
12698
4622
2208
12351
26968
27131
26955
8201
28394
9864
24491
4573
11888
16884
6531
16504
12528
21636
9947
18822
18644
3178
22968
1342
16528
27602
20523
26902
12303
7927
10080
27435
16447
32017
1554
13192
21108
7048
4642
1224
29682
10672
1149
30077
31213
31645
12180
4529
5102
5821
8357
32546
14455
19339
31916
18991
7080
26751
3755
3223
18170
9988
16378
539
13414
32010
14748
8194
18802
5574
10523
7527
624
19604
11299
6973
7815
13680
1640
4967
12726
29622
22216
18787
11329
27619
2032
1815
5068
30961
14273
26814
4428
7538
31908
30112
32538
1688
17082
22625
24323
22759
11069
10487
12053
12095
5436
11088
10969
6820
26869
2758
5425
11877
17929
21261
27243
1398
3507
10640
20073
32378
21062
31992
5595
5268
13622
3573
28405
22500
11422
2300
9506
11941
19378
17621
27986
20487
26293
1721
6963
18155
1446
17692
14841
15120
7139
4949
29539
6064
17464
5536
4044
8770
3360
30847
20209
857
25693
25098
9912
15889
13929
24868
21161
17107
17244
2103
21517
32486
2227
2279
21650
9045
20141
17317
5866
9789
13955
24710
25982
21790
6122
28422
8792
168
9916
16111
26321
23200
32566
21411
30823
28762
30001
22496
8818
6207
5571
23507
6885
5626
6135
1512
31271
253
6326
3833
3721
28715
32227
25646
20436
21374
30627
11348
17826
28468
22909
22477
625
18159
15060
550
96
20035
30968
9660
2202
20117
31268
5488
16972
21713
3750
8000
19436
9622
2189
31087
22346
20028
30733
16986
26964
18767
24739
23858
1699
2833
22086
32286
25585
30904
1213
5495
30193
7173
23238
23674
25954
24984
958
16491
8344
13667
30494
31318
9738
27526
8670
4146
21856
30393
17619
14869
20935
28213
4518
12105
21205
19177
27663
10051
21501
19910
1414
16719
17064
24572
13942
2329
9369
1399
20182
27127
27825
13766
23653
1546
26375
13379
22867
23713
26017
23550
8333
21045
27578
1391
23409
25257
3481
4634
4874
10041
4752
7987
16853
23722
25841
2232
3818
5633
11833
4457
19292
19074
13546
22805
26708
19731
20206
16033
6379
20487
21594
30657
15362
24381
32131
29657
26068
23899
16031
13732
8697
12294
21503
29407
18612
6540
13161
28371
26255
7315
30895
20191
26695
10264
2230
2664
31775
5345
6113
9082
10580
26778
8966
13785
14309
32696
18130
32635
15029
24187
27788
12450
28781
2665
22276
12553
4682
25865
9460
11015
31287
9513
21701
17172
89
5484
15044
20143
30011
15086
4764
19409
8518
29110
76
26594
31499
5943
749
4597
19502
21385
19434
10981
15773
25778
22018
26864
9587
32245
10226
20299
24034
19733
2910
19202
6136
6553
8783
30459
19919
9246
29625
9556
23303
14026
23073
6012
18847
12307
26849
8204
17952
18248
24513
18584
21757
24928
26557
3738
12937
19438
31343
6884
11176
10750
11027
8062
25487
29846
24331
32447
16977
10689
30235
5073
18421
25834
12385
8698
1883
27469
10139
2348
22681
15022
18497
18678
23211
10835
5053
6906
17274
15113
10401
19219
19154
2520
2728
7596
1528
11570
14026
11115
18519
24201
13845
31247
28374
17374
30591
26148
24671
727
28441
26445
3749
14890
5825
7295
25433
15705
23422
6450
5611
22251
12698
12209
31711
18029
2648
30225
20921
17539
19451
8585
14770
8698
1862
10855
32088
6752
11603
21221
29515
27221
11628
5863
22071
4505
24531
14769
4902
23897
18983
31397
5942
22821
4908
21675
27365
15761
685
31932
27496
1461
2058
11631
20316
7538
16969
24149
11278
9134
19887
31751
28404
30800
6990
14338
20319
14553
2153
18264
30869
12273
7797
1081
25393
17300
16420
2408
30903
7339
11547
23247
16000
13280
3795
27210
440
20728
28964
10043
20195
24220
24934
19351
25304
10241
26367
20948
23558
6298
3183
20974
21914
11809
4364
18564
27549
23256
3052
8348
13849
30756
32673
25968
26397
1713
28878
13817
7137
7725
769
23015
7891
5054
31255
29587
1169
9953
9207
24357
10296
29225
27322
1763
4378
6082
1432
16801
5402
20474
10196
4601
21515
29406
8116
31756
12101
13417
3713
30092
5440
16364
3900
6852
4842
32351
3323
7109
28582
10224
7633
3470
20213
7441
17471
12019
11804
29466
14080
23293
19378
28724
118
27679
7236
10563
14974
17456
21357
25310
27595
30556
24396
9161
31081
29443
28820
19534
31043
5607
2687
12038
9645
3173
2178
8216
20576
24400
25037
8918
10749
13963
25796
12287
8397
14804
31353
1706
31322
14223
12297
3369
3754
4647
8988
25331
10880
29107
28489
4957
17702
13992
22617
22665
21268
31952
12697
18094
11501
27216
11980
15669
4413
8596
1806
30406
28660
15221
1619
31509
32035
24196
29510
11539
18959
24681
15286
12801
10677
6127
2562
83
11088
31268
17299
24209
7844
28828
4209
31375
1537
26778
17615
27787
8352
29363
18281
582
23585
6241
5228
12055
7704
3031
13634
18269
15060
10829
3737
15618
16842
10461
25741
30413
1409
16992
4779
30528
2255
9314
19619
31941
20380
838
23586
21049
6179
9634
19253
25362
8774
7717
2061
11128
15160
31201
19503
30266
31611
21049
30576
12787
31587
8776
2523
15384
29749
16849
3529
5958
28337
28152
30860
15166
31688
7590
13236
5543
23642
21251
9161
19604
29417
10144
1483
4740
8656
3410
14257
21722
31050
14154
10666
31645
31863
24145
26121
3758
22622
16520
23374
2824
29194
18342
22179
10222
854
21806
18798
141
11214
18532
8128
31083
23521
5944
4509
18938
9082
1628
937
3356
29335
4629
31055
25932
11514
5224
8691
31717
15466
23737
19788
9444
28845
4512
3470
16685
28035
30962
23944
15975
16557
13817
2860
11858
20352
22212
6072
13628
20918
9264
20123
4366
28766
4437
1023
15967
18708
10819
29511
24940
21470
3935
8429
30286
30038
5854
2359
19592
23852
26912
26739
26764
5577
4278
25905
20138
28511
8724
10251
13779
23318
31497
14938
16416
11114
31580
10234
26412
31548
7491
2477
14750
4156
1667
18866
10092
11322
19985
29185
3787
31332
18919
3001
21361
20719
13368
5294
17274
23642
14827
6052
3511
390
31165
17174
16478
23847
23195
25363
14185
30658
12987
24992
27402
17170
14215
1898
10744
772
30809
30570
6434
4351
13737
20307
20114
8816
13295
3615
14015
13739
28142
29656
26519
25444
28139
1227
30485
31630
31492
18023
24655
27148
12288
23887
32422
21840
4025
20814
6660
13148
25281
3386
11363
384
312
839
27925
18539
23232
21648
20990
10890
5730
12065
15383
14918
30403
9918
749
26353
15516
18703
11594
18564
20622
4924
3455
7430
9452
32127
29611
27171
5489
11808
10010
3448
28183
29472
23894
10598
19988
23555
4755
15532
31099
4086
4235
14363
25502
31598
19164
21714
801
18157
19682
29108
3841
27097
25221
25765
4766
20769
23104
16943
28370
9732
20550
30765
30657
23515
31078
11157
8628
28795
21427
25993
24834
32075
19894
16057
31887
302
7362
19830
28707
14587
9169
29319
1749
25790
25999
10715
21059
24067
14953
11334
10739
1833
18774
13555
23700
6106
13888
8726
13403
19884
15491
16339
2499
13735
30769
13432
16145
11426
9486
16950
4031
14905
9775
20438
2555
25781
7696
14276
30928
763
21419
8588
29162
24834
7265
26944
32693
24996
8088
14941
1410
4729
7312
3513
23877
6458
9597
14678
31440
27567
24431
18779
9170
8885
21973
22867
4232
25685
15239
22175
31625
1045
28290
7687
28479
6979
15158
10735
1737
30916
15209
6186
25844
7242
9445
17725
25948
15756
18721
25003
31433
17798
28926
1979
12300
20084
13960
23173
10654
3335
31547
1483
27361
18363
30718
24585
8785
23496
18229
3072
28119
12122
5738
4879
26692
4106
1391
9864
32576
23276
11863
6987
17079
5887
19334
2590
16264
22361
18841
8691
16461
19069
11052
31180
22229
10303
2036
10961
10638
2186
30169
18929
6133
27837
27872
15270
15343
5304
28233
3849
5348
509
11757
18070
8433
20581
18541
20023
32173
11629
21116
28831
13692
17993
26109
20470
10004
21294
20340
28812
22611
15383
13060
4623
9231
10731
9
21989
4270
2355
27011
325
18102
13252
15449
14672
11968
14663
10177
6568
11047
20270
13091
27869
30132
18401
2792
24850
31409
19737
11709
5512
31390
8648
23901
14703
2892
28685
13528
14908
19318
9060
1526
21779
31141
21215
31695
9224
17681
1051
11474
15290
9703
5924
2888
29141
6793
28587
9625
21574
24064
26345
18394
20241
22360
20054
12929
23719
20864
26165
17388
30231
7758
8639
9441
21983
20057
1386
22488
7578
7060
12610
1492
20564
25739
28864
15662
16259
11628
16258
5913
26177
19289
7114
9499
7899
8010
5424
15169
19759
3518
16056
11751
31418
30912
3793
151
24780
27617
778
24331
11845
28989
10962
5350
7485
25537
27598
9653
986
14033
24318
28193
1725
27876
11180
4993
3345
22087
3548
26866
14091
17031
10393
30370
23459
2592
27826
26300
32469
15939
21808
17103
31881
3421
14004
22307
20700
28547
26363
24887
17079
6309
5199
7640
30229
29678
22878
16031
3354
1791
24516
29090
14009
22541
26367
13024
13789
19422
7032
12647
2866
19698
11076
20917
28079
1026
3536
7558
16530
12951
28055
4394
7378
6143
22724
17479
31880
1281
30133
4977
14700
18889
11695
14007
21713
21376
2562
14957
18254
3798
26015
10891
972
30068
1044
10065
18702
30420
31370
15839
31752
15737
5773
12926
25602
4790
8485
13563
28683
26601
18755
11572
4238
22998
2975
30951
28931
3965
27850
6391
20625
1343
11603
20130
32138
22037
18280
13520
24719
29267
22767
12050
30178
965
8405
1504
4797
8726
12431
32299
22435
6715
11375
19186
9472
32032
22175
25640
23811
27652
27444
28713
29394
27809
13428
4456
1899
20597
21266
10051
10208
10479
31471
754
24152
25277
12095
22274
9609
29942
13625
3222
18208
25298
19003
22373
14058
15186
15430
19905
7257
12820
32226
29259
16004
7645
16718
29512
12722
8281
22468
14643
10936
10817
5315
16071
14065
8700
5902
17561
5332
8397
20143
32105
11582
28439
17869
15264
7235
1654
23678
11776
30622
30006
5049
11912
18956
28458
30704
16560
28725
8204
12744
5587
28246
1850
29612
26032
12405
17300
17322
13450
28334
6574
6910
6496
20072
18778
21101
19179
13996
7094
25759
321
26379
20980
10136
30508
5248
27091
9457
4841
9600
1509
22909
2536
13412
24862
4341
32049
26346
3694
21580
4862
24796
9365
32757
22258
7533
28970
17392
20230
15492
12827
7235
1413
6013
25943
17082
20373
19460
29665
11702
24490
9254
2513
4101
22437
9650
1883
8018
27739
13837
31060
24057
5143
26452
917
27654
4869
30780
6231
7181
13544
14282
29780
5072
14545
1938
5036
27642
13906
28856
20358
8541
1540
13653
28345
24314
3509
14745
11842
18020
10738
18359
10552
16390
27432
4296
15904
26441
26731
24047
6513
16126
11017
2991
9897
23255
17053
19963
8340
6914
11091
17474
30527
19127
5148
27927
2800
13603
18204
17643
23112
6707
15017
2580
27040
28474
27047
19189
6909
29090
23372
23391
4678
18847
22550
530
32476
21921
32489
26424
10913
11046
8701
24126
11793
2296
20124
22442
16647
22295
5200
14501
19385
23624
16225
19680
21017
3546
3696
9717
4981
6801
14017
18695
9530
3887
28246
6372
7497
29084
18013
32643
22508
21774
29595
5400
18056
16438
10527
5351
30581
31726
30659
31689
1619
26402
14540
23695
17106
16691
5476
13153
14655
24063
4484
30783
6280
1441
25530
23088
2598
19781
23148
8732
22892
17586
2358
27463
30883
13538
1569
23731
12415
7661
11137
33
27774
5759
3391
20022
9192
25911
3591
13876
8892
28051
28712
4343
32194
8604
29749
42
25201
1495
3716
2193
16808
11650
31495
1456
9596
18769
26996
18939
30162
4822
9335
22459
19375
5769
27977
23163
757
6182
558
25809
5056
22894
14685
13251
9784
1236
3118
8387
25699
79
21932
17086
16099
15417
5028
31705
6066
17709
4935
17404
11453
27593
10141
13876
15872
13020
24150
10680
15659
17412
15459
14555
10673
14050
20183
14143
2826
24731
3069
7610
13098
12148
1274
8119
9624
26927
20944
15480
890
11493
30212
17421
21683
28844
7295
9444
19099
14891
22235
29926
15134
13511
15498
6789
31428
11209
28818
7960
4316
27997
13241
26642
32698
14727
13958
17750
12605
21022
11691
18537
15922
15710
18504
31151
29565
16560
8180
21015
22597
25550
10232
19410
26942
31258
2476
10050
19108
932
13649
24218
24270
4649
6540
15727
20142
11662
15586
10675
30358
30892
19515
20999
25771
19242
10355
13596
4473
30176
6837
17799
4595
25914
25829
26250
16374
17936
24649
19300
3896
20497
3642
21310
5591
20336
23251
32426
27630
31837
29036
16974
20145
31181
5673
7239
13294
15436
20793
4739
32526
5753
26204
22654
19869
14923
6704
26368
31672
30135
569
1057
32379
13435
21829
20263
22930
11907
17261
55
28935
26616
7024
5172
13102
29157
13205
20686
24736
13348
15049
27993
22233
9729
14627
16432
509
8704
16234
22490
17726
26700
30043
18198
2351
9692
8292
13786
21438
22731
4746
1959
30539
13809
18609
26942
3342
6698
30071
22783
16877
3708
16187
28504
14743
24041
23901
7180
18044
2580
9979
14717
12544
11219
32142
29248
6222
12955
8766
4052
5075
2470
18757
26301
10849
22545
12166
14892
16829
13299
12739
4491
27021
4609
3622
17759
7656
14222
20340
19744
10204
27736
27475
23576
19127
1292
29396
30943
29714
1405
13691
20448
15416
21199
10528
21505
24780
26312
347
16227
11911
4462
20065
26443
31478
21414
28740
12679
24329
12723
11366
2344
32707
24128
13416
19549
515
15436
11685
13683
5487
1814
19408
14868
29192
18357
11467
9360
19770
25675
31349
2988
18301
18550
18148
6772
3841
24810
11459
749
26819
2376
4947
15640
18834
4241
28158
28296
4234
23209
12406
4072
5442
4579
1760
28567
29918
5887
3444
2187
26021
6383
11085
20770
25489
15684
27165
10273
31529
21796
25108
30504
16325
6575
16102
10815
15398
12876
14295
14109
28200
8713
24546
13676
18349
2120
20937
27214
17351
17349
17343
25331
16769
30126
22492
1961
5949
11188
23321
27322
19500
22022
17002
4405
25096
30806
22092
16436
21815
12609
7795
21714
7890
8895
27218
10839
29560
8680
22605
12946
20858
20953
32089
16857
27013
10364
29335
29516
5602
19687
21174
9555
12045
30680
20872
8333
18766
29815
21454
21559
30719
10463
13800
18002
26309
7142
11369
2174
17574
20260
15468
18882
7939
5733
25302
17929
21545
27968
3052
10416
18544
15346
4393
5747
24499
30462
10881
7835
14487
20275
237
20571
22323
28069
1470
7776
27153
8573
18001
16496
10143
4838
6691
8594
9034
19011
18334
30198
28949
27726
21019
26915
14281
5111
22673
13602
17173
22081
21394
22441
6868
21720
31649
5220
18113
22615
18608
9387
32555
19926
30736
7381
28002
20975
17625
27260
2548
3512
3386
14165
22938
30301
28520
30409
18364
18035
19853
12110
12359
15789
30275
32696
15107
1127
30355
15240
28285
18441
19592
27140
21494
14694
468
14295
12821
20553
7047
1987
27375
21854
31054
13901
17976
27138
24252
2748
16293
25906
7370
6652
7150
10366
27941
3248
1083
19781
8617
31406
24911
19579
649
21258
371
31263
4792
27072
3723
14622
2002
5161
26777
24765
7200
26110
12640
10458
11664
20640
19078
17686
9375
8868
2712
5964
702
20717
17893
26757
29874
26594
2966
8270
9127
16629
16274
12679
10281
8454
809
4342
17738
417
13775
1925
23747
32267
16151
16925
32587
25992
24170
3279
4827
786
17114
861
13292
16199
264
19501
830
6700
27565
2419
27941
32733
15742
2501
7776
3983
18590
22795
16304
13828
18915
785
30856
21242
18526
28941
24285
16080
16602
29071
31964
20395
10733
1541
11800
16370
12526
18037
29838
24330
26920
23624
31438
17023
17468
30266
18320
25877
31604
24646
27189
30003
31414
24420
1169
4885
5989
15672
4125
13624
17718
4721
9102
6912
31920
4428
11964
2553
11268
7445
2538
23844
11212
1169
7894
30371
17431
31398
16852
6223
8904
14545
12162
30849
3312
23354
28331
19304
6524
21693
31391
6486
4084
22593
30602
9444
26402
5990
22291
8581
9917
3976
23554
20690
13389
21527
657
32440
1502
10796
7853
28766
2073
26296
17093
9005
19419
30430
1085
21997
6598
9804
9738
29173
24894
15664
19249
27709
11574
27601
28210
29502
13555
703
16928
1732
28420
22934
27846
7619
16521
28200
11068
11400
11169
24658
1963
15793
22997
29114
24201
4070
8615
8220
17143
13645
24539
31383
23656
8358
31801
25229
31479
26539
19064
14630
24472
21787
19511
12612
21461
16973
31632
15845
21833
866
11023
7793
29710
18882
9844
3904
5237
17986
31565
25085
19394
7754
13492
4634
14304
14851
25218
16188
12371
30284
15420
24847
24879
25823
10695
25127
9150
12230
6440
13215
