20503
19677
25851
28567
11238
25169
23082
18743
18087
4625
21846
26785
22981
22717
7879
17617
467
8709
3908
31069
26981
21832
30768
7457
2429
16658
1195
20812
11023
7887
1497
7913
25376
4682
28296
15143
16534
23443
23991
32664
19361
25199
4652
16936
13829
20147
5272
24774
29561
28450
7786
29588
12611
31426
9740
25735
28402
13922
10276
23038
23202
15567
608
2975
13985
24719
31833
15306
10592
22226
19974
22711
29740
15071
21455
14571
2897
24070
31396
21290
8066
362
629
2763
25713
19457
14038
11846
8620
28330
22513
15726
18193
11457
6254
32628
32087
27
18234
519
8741
13158
16890
12772
5318
27175
3610
12885
18007
2043
26350
7911
16938
11349
26957
4718
21314
17669
8771
23173
11484
23095
3312
25509
14102
2422
5364
10690
23637
12338
18505
3806
3667
1017
3493
30972
8361
7418
14741
14411
29938
6774
24750
31870
4704
16790
20554
30714
24050
27980
18866
15965
32647
24287
30566
11396
30721
925
846
26681
11618
11237
11318
31200
5597
4146
3774
16252
6537
3726
342
1213
12747
690
17438
25748
4760
18509
18160
24836
3860
18991
27212
1120
23735
14594
11906
11481
4663
4680
6843
12927
26778
2481
16906
32441
28674
22878
22641
29638
994
7202
2853
31129
4022
6827
17758
18674
11606
15636
2254
28
5420
4875
11031
30624
17902
9598
18596
29049
11920
30664
7432
14342
7115
22853
16516
12963
14899
23417
1818
11644
18753
20678
28514
24363
28008
17031
25179
21672
10690
30230
3049
17710
18041
13588
11793
28570
31924
20080
9057
14098
21869
2608
15767
18236
24404
9772
11521
6902
10032
22564
3475
26768
2697
18106
17289
6387
2654
25711
8911
25426
8724
21297
32622
22435
2617
27959
21424
22696
23762
21991
29884
552
3486
28405
11041
19436
2456
27101
26873
26397
820
14609
11170
26803
13408
21998
10290
25587
1287
3724
5942
30756
20094
28430
24641
30370
12694
11699
25571
31366
17035
14067
21294
28413
14116
23421
23108
10229
3471
3019
2066
1921
19205
6057
30802
27753
25295
12995
24551
31826
21530
9799
24978
13907
16631
13568
7366
4486
25017
19482
19576
6452
17581
30873
27578
14601
29357
24390
7938
23228
8602
32265
19645
15691
4565
21224
1677
11947
7765
21535
23798
13984
17933
12672
17871
30980
1750
11217
31852
24608
32677
3502
32551
3265
4769
836
11046
11430
31813
20955
9037
30120
798
26178
17507
23616
17720
14528
1552
22012
653
12159
18651
7268
26935
25998
7584
30736
16657
26646
13978
274
14435
7534
31612
8395
26633
19982
16022
3147
15115
11897
6725
24094
20831
22076
10792
30706
25879
30098
31971
8906
1823
2484
12634
26197
17827
4756
11622
22268
7036
16679
5014
11947
11683
3105
11664
8342
22214
21761
21651
5856
22571
929
23785
23955
8509
18229
22363
19281
25960
18812
5696
22861
11320
27851
12122
2718
1427
25700
19794
4887
4545
22340
21803
11162
4195
12341
30589
20803
3322
29015
438
14078
24888
17458
20214
7468
1686
5867
17866
1527
3197
5332
4066
24309
7266
814
13567
12006
15568
31685
3870
26114
15710
26631
15486
32262
6609
19551
29610
14735
29335
25213
1877
15352
5024
5091
5164
23534
349
28701
28509
9131
14830
13637
29459
2013
16575
26449
23179
15133
21903
3106
588
32205
3515
5849
5914
25433
24666
29252
16803
12578
19928
16679
25895
30334
26188
22596
15987
13220
5050
13867
6144
17936
8770
3477
13583
25891
24919
32145
18531
2914
6067
22207
20873
1018
20991
30191
25798
16782
12793
18048
12530
26477
2712
17439
27040
15873
6347
20166
20576
15210
25589
29479
22606
21619
2651
20591
4375
15219
8172
9682
6662
7469
27156
32542
24805
24056
28768
3876
24867
9208
13437
11753
24375
17902
22981
9587
19543
11870
21468
11698
8212
716
5457
15866
12677
17808
7217
9738
27254
13283
14659
8990
13501
10126
24642
29681
10978
27384
17929
24915
26586
6921
1982
10279
26580
2766
21493
8145
30067
28425
16389
3446
32233
12102
17228
26956
1220
15495
24643
15679
24695
17853
30454
9418
30666
1459
22094
3386
10046
23080
26119
8706
27930
29909
20419
11714
4145
19844
10861
31943
11905
16191
9602
32747
26626
29132
19870
11963
6973
30981
32391
20972
12614
5572
9782
15665
7380
12560
21981
10748
5860
3396
4178
7611
13309
28766
18928
2860
30891
6235
20207
79
18852
23238
14424
18650
5625
8792
28389
9910
716
3291
18527
21118
21830
20572
5260
20461
25631
20344
21862
27339
28921
635
24946
1659
4504
7533
17926
7478
28481
10959
4049
19845
32480
7748
1265
21287
23125
9400
25687
29389
14116
7157
22978
28531
14498
7183
15095
5474
10253
32428
2549
2626
6782
3678
32133
12408
6647
9677
15508
22043
17420
7517
24886
30927
14251
17965
18373
30113
14861
31508
8527
24130
26713
19546
5986
21807
9895
2995
18125
17829
23654
27388
32424
882
7171
8375
27281
27592
30523
30485
18630
30399
11946
13041
29644
14454
2064
27920
15537
8965
31279
5207
26380
20362
26291
11823
7765
12070
3821
4478
1049
15305
15660
9043
30028
10518
4177
8511
2509
28414
16938
7011
326
2144
7902
21083
27039
31559
4388
25817
5992
26798
20346
27367
6392
23539
19133
24230
27781
29239
11139
19644
9937
11448
25917
3866
9761
14685
11327
20140
7792
2701
6867
20191
25437
11767
21432
12070
27297
1948
7649
27306
14865
26804
16598
30906
14800
7829
19696
14098
18141
21625
6255
9346
14284
30417
16248
23813
28649
23931
4534
12071
14151
6984
19820
29264
2800
3363
3500
3052
31740
31080
30705
20511
15387
25877
2992
18335
27031
10581
26987
19957
5539
29116
10650
32690
12955
3013
14722
13212
18188
16640
27040
28947
21981
6592
2619
22016
20610
30590
17548
25128
14256
6605
7398
24142
8413
12326
1392
7097
28466
16538
7206
26250
13575
24698
28760
25496
22758
9704
14740
11983
2017
1649
17258
6492
21157
949
12906
16549
29197
12631
22072
27776
28519
11015
15896
8276
19128
404
25328
20861
4427
26328
5344
21772
13168
1182
6531
16840
1208
8609
1537
2908
25483
19960
16682
9036
22002
23752
21727
19854
26689
32491
10043
25759
29845
28191
13267
14081
21798
24430
29189
2847
11327
31541
8549
8946
25087
18172
16511
29392
20274
23864
8454
19418
30470
14963
1843
311
20158
18043
30724
4429
29212
16580
1637
23673
19895
6669
13658
14370
12475
14557
17136
3661
8688
29280
31915
25055
9040
28113
4989
1257
2955
15120
13984
14333
27735
11955
15399
12805
7135
6661
32247
12720
28847
18637
9529
1400
17241
15784
11619
12917
17684
24107
2333
16936
5623
13906
11173
6597
10607
24362
30289
25114
32020
11891
17336
19639
22553
14921
10406
27511
6670
27907
20559
16858
6986
20224
29793
29392
13489
19679
9096
13890
2320
12559
27319
6949
17134
27699
6909
29555
4330
3077
28206
18755
28906
25532
20465
17380
16412
7461
32606
16891
9149
4248
22765
29264
416
9878
2215
6392
9040
21697
31733
20045
17836
29051
28745
14567
19875
12336
11160
3901
7998
24535
3893
24304
6543
30544
11685
15682
21237
14434
20803
19581
1922
27779
19792
4243
15107
10639
13165
10323
18150
221
11310
23594
27595
31798
12168
29781
21764
4131
30953
1530
30104
29134
10019
13814
29040
30850
22395
11454
14970
24283
26172
27396
982
9429
6220
25134
17640
11948
5788
5728
16472
20255
6716
17600
3075
4182
22089
25700
10499
3112
1899
8569
23901
18347
32731
13097
20913
3430
26378
19357
3216
15260
6643
32675
7462
7071
22920
21588
19409
24082
6090
31427
3086
25239
6587
20495
4611
7523
9614
22161
29560
18822
9707
31416
27371
24585
30891
11763
29899
11078
5324
3737
4164
16604
7851
21194
48
31069
12703
2346
20980
15886
16606
712
5277
4467
12368
4695
4544
2268
15089
11226
23402
6929
6795
8715
26167
26236
24709
31661
7925
29062
28332
31088
18984
14198
5040
17380
13836
10441
17873
11598
8473
20442
25410
12999
21155
23863
32571
25624
3847
5482
23737
2075
18579
14569
18146
28985
19686
32088
15851
2915
22464
14277
21429
28481
15367
32296
19579
20148
21802
19235
3251
15662
115
30667
13687
7169
25982
19081
23890
21246
20830
12569
4040
19656
17233
22014
11291
27278
17526
24250
3427
495
8989
24381
19833
20623
28197
20354
5258
26824
6741
32248
32657
1578
30659
14069
16136
7820
3583
28207
29327
21151
16610
3042
26200
7563
14727
1484
15887
18141
15373
28845
18804
100
3402
9074
4974
10965
26720
19137
31122
29526
5568
331
9543
26759
8299
29602
29539
12018
1693
14226
26444
642
31253
5288
13371
27656
32649
7821
14307
23284
23348
10964
14935
108
21833
5905
20074
11072
23395
13606
11817
19734
14674
24182
27515
19359
28826
31089
32227
8669
23692
8029
9632
17595
14789
6838
9620
16353
3361
29083
6933
31779
6475
30429
25566
13942
11193
17303
17799
28394
7506
2399
3132
3654
11955
5212
28782
11818
28557
21666
4880
14557
24921
13861
9862
4665
302
1085
30222
18617
20127
7789
4120
19870
10511
12013
11100
19104
18978
6567
24073
21716
20972
17949
3463
21458
17529
8377
22904
22667
23434
22067
21654
4356
32103
16812
31714
32615
32278
16272
10160
28621
16856
14413
12160
4612
19038
22361
10048
27175
1871
27571
1517
8104
16300
31207
7991
27933
15669
20666
3745
4934
11680
8380
16721
25454
21271
7486
22482
7263
13033
31019
15690
7461
10206
11183
3459
16541
19640
30047
4134
25825
11869
31850
12627
24251
20465
32744
22240
28947
30190
17914
554
4299
25125
17043
17707
30858
19018
19039
3387
2427
18187
17280
24932
13364
7791
15423
583
5652
29195
24768
20857
28801
26744
2509
12758
22338
23912
29284
17217
11885
30429
20972
26951
9338
4092
24906
17104
29123
31448
29540
23674
21595
8073
23238
28681
10851
29516
1191
16333
3569
30481
10638
26315
19017
10347
8634
30196
14624
7748
13934
25912
4444
24922
11017
32294
10194
31313
26104
21647
16745
13168
28997
32299
16500
3116
15145
22366
31178
1866
21232
17571
11362
21986
22590
9818
9417
32579
30500
1216
18304
1050
19288
4169
17810
2683
7573
16779
79
15177
29765
797
29755
10624
27706
19287
16556
17612
32623
21044
8208
30421
26834
30434
13964
25705
31867
2583
2689
3174
29247
13659
7639
21845
20044
3078
32662
1970
26499
4311
17486
21658
18138
27114
5762
28239
19487
12339
9918
5121
26588
15529
19887
6947
9667
25874
8991
15875
1989
5502
23740
12914
21672
16585
26615
4572
3396
13052
7615
22485
11232
4669
9913
30874
9580
15481
8548
24433
14281
6806
7263
8907
4416
23620
22442
21701
24614
16325
5502
14203
29018
13893
8680
30996
22156
18376
29328
15214
31163
26918
2871
22624
9203
1630
29975
20896
30570
31281
27689
29119
11389
4631
16404
30720
22410
32177
8837
29107
8038
8837
29204
27075
16571
15911
26527
17845
22806
7320
3989
26809
21923
26733
27194
1520
14147
9304
31760
28243
1436
23664
22486
25706
28927
1875
23697
7184
28592
15822
78
9802
9531
10054
13845
11928
32095
14559
26091
15614
20772
18580
1218
8930
22116
30659
15068
21798
3665
23922
5175
23158
1722
7515
20929
23311
19490
21308
266
22611
8380
5997
32165
5307
30739
25439
18172
28690
19314
29741
9285
560
31240
10235
8279
4373
26534
18836
27872
9413
14524
25893
15865
21662
6986
7999
15293
22197
3980
8834
12187
10761
16181
1282
29552
22152
4410
23451
7758
27084
27766
28240
23782
21224
12875
21899
22904
365
15056
19749
25283
17920
30228
17948
27387
18050
21450
19899
22240
9051
8071
4469
13453
18203
10770
14925
28009
26541
24595
12590
21617
17303
16250
21811
8168
25909
30627
21320
31412
20222
4652
3756
14326
16592
19650
20338
18267
13270
21967
23941
13187
18434
9347
30819
4939
5615
6011
23572
10942
26574
737
14529
10454
25777
21029
2172
30492
19421
18689
31989
21078
990
13849
4482
21046
25723
1862
3686
5297
8174
5299
28554
2391
32698
2902
4143
14388
15170
7966
164
26360
6562
29000
5759
2950
25975
2770
28134
4296
1045
30172
4316
8778
3853
18208
30172
23913
5446
25550
241
29197
4846
25134
24672
4405
27562
30484
20818
7901
1288
25246
30790
19331
14054
30471
6583
25301
15689
6231
27636
2018
13278
30699
4117
1602
10447
31374
3363
32245
10531
4058
4298
1773
10194
31326
18462
2442
28773
8851
4428
845
29014
10039
20684
31371
2355
25527
22510
21133
32463
5265
22759
28412
12206
19595
16183
21074
16731
3930
10735
26952
28766
11937
15353
10707
26669
31124
14346
10775
28622
10173
15514
4709
30339
14009
390
2133
3586
12776
1092
23331
14674
24690
24355
22529
14738
28496
860
32207
25104
28895
9280
28280
3911
4712
18344
8054
31136
20043
25331
11782
18640
2734
4914
18481
9411
21172
4067
20129
15829
12778
8227
7065
2938
23249
30396
10031
23178
31236
29946
29541
10977
17784
4889
22638
23683
4879
16320
20309
23113
10961
25400
11741
15128
11263
25495
10500
12114
870
19289
25272
25721
29363
4329
5769
5644
5092
17018
11171
28363
10145
31397
29859
13023
20617
17017
21703
29547
25874
21363
1689
12069
22120
17971
28949
1827
27069
9490
17342
23883
21253
5101
19209
28425
27958
17831
6599
27520
11034
28824
27291
12306
31866
3309
852
2570
9705
13487
24085
11150
24056
28249
4110
4434
31394
4649
5440
6232
16540
26718
23853
20058
30620
24485
27657
10631
1994
5034
3001
15729
20716
26176
15421
14886
21788
31209
2312
30875
8192
20349
12227
15589
11192
15699
14196
8219
4073
7841
29942
19955
22276
15509
16456
17352
28762
3631
5785
14794
4457
9247
4421
18173
19158
3423
1219
21354
18102
26173
13878
8173
1742
17125
20295
24163
17970
7296
29719
10578
31414
26406
8559
10184
23222
18742
15951
29595
29094
3178
12171
15345
9953
23313
21363
4706
12772
22736
6743
29421
3328
32685
19145
3193
30851
14113
18949
6402
13628
10723
1757
1054
2092
32355
15416
7858
4027
6066
4445
21149
12779
17859
22503
17897
1088
150
2659
8301
26661
23241
20608
15884
9505
9630
7418
21204
32442
19753
25163
18004
22438
18889
25110
27271
15428
15874
17818
16558
22420
25183
2342
13452
30690
10267
21977
8251
27025
715
10990
8940
27045
29630
23495
23600
6329
7273
23502
6579
14738
3882
2079
4344
3403
30012
19842
29420
32398
7593
11762
15707
16361
21679
4191
15696
27413
20771
21742
21107
98
32376
10166
19127
24839
19607
22176
18908
13594
29386
30038
22502
16594
29541
11943
23505
9755
9316
14786
13781
22529
25303
29894
3986
25840
5696
13534
32023
23172
31484
20149
1904
30714
1590
5063
13633
17482
28098
12995
14288
26021
20716
32731
2991
16839
14914
15402
32710
6991
4813
27934
17388
22034
16493
30286
15534
21506
29856
27914
20359
26391
24406
31550
25822
5863
4760
24930
19060
4822
25835
582
2023
10696
12992
9552
26785
32470
16460
13449
26024
9242
5341
7242
25613
819
1455
11856
23074
19069
7212
15687
30422
30924
24768
1305
17636
4788
26637
8452
30317
2708
28721
14975
27246
8772
19187
3715
13508
11257
26030
3549
2631
27732
22383
17833
2535
27531
25260
22533
17996
17444
29127
5055
28201
8991
32469
15926
18574
7502
18498
1347
28087
22110
30374
18521
10467
14021
8749
9879
29173
15253
4859
3947
30957
6699
1857
32143
5470
4568
18979
29817
8395
25522
10200
27222
19590
5826
14736
1967
28796
16284
31157
21298
11326
9581
15232
27776
10102
6939
32695
25371
21442
17774
10875
20786
16005
1381
5035
23389
3640
6104
21938
26211
6735
12390
19715
12198
22350
2161
16868
15079
2917
11062
29773
15630
13189
2614
10890
3201
21119
3951
17067
17209
12456
11614
20435
18636
4207
5693
27173
5017
16850
18417
6589
13650
25305
26312
16699
26740
18969
2551
7807
21303
5481
14432
18347
27942
3167
15172
9671
26649
10980
19299
25358
25502
23286
17793
21395
30910
20066
15522
8215
19155
5998
15067
17295
20502
31697
30266
1917
20764
16423
22863
31690
6663
21194
6869
15357
17176
24577
14355
2785
29925
1807
522
18711
3455
21651
26402
31641
6683
944
19082
6616
30945
2666
10313
13582
27509
15259
23774
13440
29212
13605
8506
21637
10078
13733
4434
24324
20374
17360
27781
20039
13057
19603
26565
27588
28704
8034
11209
25034
6078
1066
26449
10348
31822
2283
16771
13185
20036
31244
26774
31648
27266
21386
10138
10609
31599
26688
14082
29933
32247
28567
5879
8052
1857
21450
24408
179
27046
15711
18076
16697
26536
22272
902
26148
26559
1595
71
17588
5910
6671
7968
2644
21684
19802
20047
31510
28877
25578
4689
29064
16368
1875
27134
22258
8643
2949
14691
5911
21901
14213
15922
15117
6463
23391
11182
25945
21406
29903
19154
11812
14696
91
13244
20933
4272
24835
1190
15790
7772
22514
21112
7957
31451
26594
28612
6484
8856
30504
348
3902
30369
11583
30036
14514
16559
13531
11042
32397
3070
5017
525
10801
4976
14169
10374
6673
22669
27336
4174
30253
7490
1177
20191
8194
14071
787
29167
22022
11364
9401
31921
3325
16825
28241
6320
17948
18624
22028
22983
9291
2913
14756
15671
31552
6568
6340
799
21458
27840
24576
6357
1825
7693
10652
21780
10645
21258
21130
15397
4544
18828
17474
29749
17014
22997
22023
1821
16637
19175
22409
23951
25067
4528
25099
21085
20007
7536
17061
9172
15047
12900
11065
32445
14746
13268
14361
25182
27382
10248
4857
12622
6951
12161
28341
28569
26712
4610
17161
23724
26291
16763
28700
23906
117
25769
16538
10592
24721
10183
16148
10874
30751
9425
22893
17838
4181
11575
30179
1432
18577
5526
16172
20010
10542
32089
11544
11947
5763
17779
29009
11632
23837
11304
13802
11748
6497
22596
28663
20922
26217
9819
9055
12357
12111
13050
17944
273
15337
15716
13561
1084
32240
26408
25401
16528
2858
21809
13153
25159
9940
5652
6550
22900
29789
30013
25059
22898
17226
15911
29908
28221
11875
21563
17156
24237
20757
16997
22197
17735
5711
15577
3018
30775
20966
5128
29412
5207
26371
3746
5110
25158
10098
6930
30092
17224
14793
7649
797
27270
28434
21470
14188
9311
2025
1697
10462
21484
3781
17437
19001
18671
28230
28408
1052
11120
26567
15089
13690
755
28056
4307
30684
6480
32312
14298
6041
8226
24277
13300
8596
15421
9296
21889
2950
5254
7993
16376
10306
9171
17703
716
16075
17508
6506
16411
32667
24535
15444
27922
15358
15443
32413
22695
10984
6784
8610
14583
18279
21335
19490
32540
5778
9430
13264
24516
6923
6711
21774
18001
31566
14137
2064
12378
3803
8344
19043
3135
8312
17977
20737
14693
30610
2351
1940
24652
10282
8210
6954
13805
10064
7370
19224
4550
25218
10566
18520
27575
30826
26361
333
13724
1990
2574
11159
18633
20765
4396
28924
4299
5277
19434
19948
8319
11963
19512
29300
3748
24463
22734
11666
18833
4316
18853
15568
13162
10893
16281
15287
6045
23843
29618
17267
1270
5314
29024
3465
8423
25338
18792
11436
12647
13452
12449
25263
6396
26266
2058
19061
12055
28996
9968
27792
31652
22628
6619
1919
14899
24710
12514
14558
20884
21146
23684
28992
19358
31725
2546
17802
2981
7470
7202
24733
7892
28495
4664
21813
22877
15186
2175
3302
7024
27016
30624
4069
20357
30218
20617
11178
2774
29208
861
6741
20943
19659
23841
21198
32522
16737
1436
29604
19619
21976
24492
28965
19657
14459
691
25690
22646
2118
2650
20913
16053
1028
4569
5080
29235
333
12165
6064
2360
24013
19653
23064
22157
20402
9938
10816
8596
1860
11600
4356
17523
4232
15635
15319
7744
24321
15469
22651
20711
22263
19487
27828
5786
28924
32266
7337
30157
27658
20252
16554
6144
9885
27013
6561
4436
29365
14042
10634
15604
31740
29970
26289
1660
12314
5942
5683
27371
6194
8570
6568
23041
9902
6820
30239
18020
32061
23964
15837
13405
19595
18401
6855
23597
13383
31705
9658
727
32286
24755
30173
24919
6942
21252
670
11931
22485
23365
26208
9601
24811
17796
5444
7554
26825
8725
15299
32596
11494
1208
17098
16676
19876
3339
12275
3985
20441
25531
8229
29989
5389
22887
3939
20779
11199
21871
6503
6250
11242
18782
4471
24476
9498
12603
869
31162
30538
12720
25562
15650
26507
8804
2681
10822
18055
14529
13770
8741
2098
30759
27313
14957
6143
4945
24670
13434
2894
15852
1391
8274
29915
23732
7821
6038
18832
26119
16819
25971
552
27328
21758
24067
9562
15301
13377
230
32756
14018
27213
1036
18628
29717
7070
3278
24816
27122
27928
28961
11003
14030
11466
27770
14517
25828
4042
29429
28308
22222
10645
26956
21199
1824
13605
488
31943
25958
902
32048
26398
3924
21068
32423
858
20647
6131
29885
8968
25994
17179
1675
9179
19397
27413
11762
17322
22279
14397
23313
28422
12728
7183
193
10886
27602
25573
23943
2279
9298
32178
4428
7532
5426
18399
26611
6403
30871
12529
14817
29480
32067
6608
5871
25781
20809
16129
24362
25977
11510
22449
25643
16096
30224
30910
13410
11454
13891
31745
6723
23156
29379
20104
6684
11882
12666
26688
12083
22530
30020
28648
25071
27853
4346
13733
21284
20465
26562
16261
28514
5226
22374
6402
17043
10436
5079
20825
23863
5031
8026
11094
13906
32570
15772
19664
11327
4071
16567
30822
7960
11745
15211
6872
22717
20480
14200
24496
16355
13240
9916
19801
9269
30573
18826
6195
24745
31462
5839
32391
20960
22745
625
3720
14445
21474
21444
30219
1467
10579
24424
4779
11111
25641
29129
15951
26959
28607
21654
24843
22255
23784
14279
2689
4604
12728
24451
30440
25766
19344
772
28124
13282
12952
22390
16340
19033
6122
16324
7080
4233
494
28835
13180
32755
344
20051
9018
1288
13953
20795
3584
11547
8752
16587
8684
30997
9893
18395
24455
11412
9659
28798
12695
17096
24649
3933
32729
24081
27327
28668
10112
30719
23425
5686
25853
13005
12816
27252
32392
31057
702
12438
28953
26990
15852
27890
14918
23254
30260
26988
7454
90
20982
17088
29191
26185
7479
19537
29385
597
9231
27230
12010
31874
27284
15877
18724
13259
3898
13043
29697
20142
29165
12019
26562
27498
22677
14884
29119
4416
15696
32501
20688
3522
29979
32456
12920
7786
4097
22355
2615
24385
7472
1048
29401
2509
431
5986
61
12395
26560
32083
8195
12474
6979
2030
26445
18022
18369
875
6601
26560
17593
27674
21439
10280
30338
7883
31008
8916
1621
20900
16856
31079
16880
23488
13628
8172
29811
20214
27178
27349
25791
4399
13777
8447
29984
26261
20837
1348
29625
16801
22595
12815
31008
26443
17029
20320
30606
11193
1216
31612
5575
28856
28573
14256
8467
18452
18224
17290
28587
17899
12739
24135
27817
16277
13326
31281
8580
18902
13911
2228
29430
19285
11676
8702
5182
23708
2673
7805
20815
9212
6787
30887
14902
2699
49
24680
25740
24609
4026
13063
31143
9442
14946
4670
31968
3050
4583
13333
29373
30490
26512
19990
13286
23657
22620
1634
32299
17316
4901
264
26415
27830
450
5714
362
29844
13795
1207
7799
29140
32758
20376
32632
25306
10752
8453
25822
2312
6570
15034
9033
27532
28240
26890
16043
25076
17446
30296
13573
9528
18795
2652
31240
11092
5849
30296
2301
14602
1592
17836
23752
31221
13118
29506
2468
3574
8702
6377
5005
24272
22710
31282
23167
21005
9079
11051
16541
20937
2760
22131
28725
32592
26329
24701
15313
3585
14997
15477
6070
25656
16492
23982
3221
8546
21178
4725
14790
6489
25300
123
19353
22180
2204
28456
6172
30693
3694
15076
27936
19711
13154
19262
23058
15015
9702
24895
4288
4532
1378
31917
18305
1641
15971
16702
23189
8051
14996
13221
21640
16343
23253
21322
29127
24996
28778
9499
5223
16733
28625
21024
15143
26015
24376
28327
24258
4516
5151
21866
10693
20798
22207
2146
9441
15701
27324
24037
32446
16680
27102
12471
26873
3955
1169
20189
28567
3893
7923
6409
16910
1478
2214
18428
6064
1665
16145
2930
2150
11538
27874
12668
24018
12894
30026
28526
25408
25141
30256
18517
5851
7369
9428
24568
11713
7778
13670
32685
1132
2501
28603
27486
2579
23101
18518
16910
10509
6907
18148
4836
1314
14296
18421
1622
4055
19623
12725
155
22292
27966
17860
18164
31923
11068
23959
12993
20215
30875
1192
30023
1945
14482
1380
26598
19093
10046
4155
29334
29140
10813
11035
4371
1394
23981
29320
19978
28898
29301
11637
405
16279
24970
21737
515
14281
29959
20100
12450
4649
16359
25175
18129
8853
6660
32763
27830
18720
32154
4913
22509
8289
27036
4766
1194
4034
20217
19512
17766
1332
5199
963
10428
22049
12328
17222
15229
10152
19643
14757
23597
5900
10036
8366
13381
5942
5588
15488
11937
25472
558
2928
4627
3445
27500
16939
23613
22227
31822
10032
12498
19670
14924
1225
5637
9816
28117
13709
112
22534
6903
18567
17915
24927
6613
17192
26488
13059
15612
13089
15645
27819
6623
25464
29119
11083
20951
16086
2751
9681
14983
6591
4513
31348
1554
11310
7590
18788
28026
11214
14116
29656
17960
12658
15070
7802
21570
23937
21306
23769
25846
20059
32283
14055
7956
26129
3534
27336
5831
9646
32701
11933
8380
24605
3259
12631
974
28272
32176
26847
13588
1735
4659
8193
10951
23994
32145
13821
23280
24439
1632
30941
29030
9534
582
26432
29359
15138
30495
23909
24363
21798
41
4813
723
18934
20939
2634
5423
25475
26037
24810
15557
25455
23655
3501
23909
19387
2620
13124
23595
26885
2622
11386
18736
731
30508
2734
29670
10484
19703
15372
13959
516
27099
18839
12652
9829
25727
