4132
17799
10052
8548
1787
28669
25000
2728
4278
13323
5655
31705
14165
9536
9771
4716
17213
9293
15716
12582
11219
21776
30835
8179
26729
28567
27303
18083
32288
20540
26793
27558
28668
3830
18408
23564
30981
16604
31589
1066
13647
32247
30159
30783
14897
32548
24873
219
4076
29702
20150
14732
2264
16368
20809
10419
25867
24039
15540
17443
17850
23350
7245
22683
20012
18356
3010
31042
7904
25979
14338
5154
18183
2041
16022
27999
29979
23451
25066
19899
15723
30368
6188
2132
31315
26817
17129
8895
4613
6024
19270
16352
20122
3042
16186
21920
6197
16074
12720
13881
20459
1706
24275
3281
17711
21642
31863
30881
32060
30869
6720
22578
8051
26731
9826
16740
30269
11886
28464
26182
6120
24307
10785
12890
22413
11734
2854
18109
19636
17758
24574
14083
29373
10094
28950
19048
29380
9717
11825
26289
12974
19614
24467
7985
22028
13937
7267
31214
10259
9016
28289
3434
1101
26597
2950
20909
10956
27587
27782
25258
18888
31447
22275
9736
10459
10123
15084
26172
32351
23492
30706
10198
28325
23732
23254
11558
2994
30763
18320
25719
14352
5774
1120
16310
11340
8084
6280
344
31268
15433
22230
1650
12608
12600
21504
1254
17357
19708
29351
21968
24415
28394
9355
3632
23765
14620
6856
28880
27978
27730
32530
5391
13789
7310
27667
18914
25731
3067
756
677
2878
28118
5820
30875
1715
18114
17538
8640
23369
29235
22277
31022
26052
29885
19293
9309
4341
8364
21415
31573
23908
14799
18312
7032
7051
21433
2820
22131
20173
13018
22988
3795
2906
19174
185
2282
9015
25719
9310
31022
5968
1974
1175
23428
26158
11032
20075
16712
29848
21186
28771
24413
991
2865
6171
3377
22718
28516
29184
7816
31207
18378
13061
3646
4216
10194
19568
1355
18742
4671
7020
1278
2991
2487
18422
17414
1336
16332
32014
26724
2910
6258
31018
10446
17195
5434
7188
3335
14143
8389
19821
4327
10188
5081
7244
12769
26566
14271
27394
23138
28097
3466
29172
8280
18535
22014
32744
18814
21705
25699
27093
8703
27135
28175
10976
29103
4913
23433
219
4678
4884
22379
7345
5152
11501
2835
31881
15786
18386
3419
11429
25860
21665
18661
4433
31739
7676
27296
22447
28138
777
9300
24575
22896
23728
9378
19149
11447
4641
17574
5117
23252
29534
3669
26705
17445
475
27873
1128
12538
16424
6535
16201
29861
30184
10986
22959
4149
25336
22687
6152
10632
16741
28429
27647
28379
6717
6576
4482
31516
22104
8984
32657
24732
16825
19015
13042
5505
29671
16676
28116
8351
4107
19321
31314
6906
4360
29558
5451
2490
2494
3159
24565
27055
2159
7648
11955
611
25655
20793
16009
3584
27333
7913
4641
4331
21573
3715
16573
10378
30668
28522
28517
11273
16743
19617
29185
28516
16454
24832
19531
13594
25437
20713
19720
13217
5329
3880
29491
32038
168
25147
10418
31832
28416
5812
15132
29952
13631
4208
19458
12358
24930
32552
6879
21723
15738
1478
23561
5293
30340
20976
880
26117
12131
1207
14300
16666
22953
26084
2230
16808
2407
24742
8536
6813
11702
21298
17976
20598
9268
722
29947
24755
6012
252
9145
6450
21277
28370
8193
25942
12125
20959
5236
24144
4963
23514
31607
36
26808
5633
23866
7163
7164
18126
25139
23010
4121
4284
18566
18851
30249
25737
31826
1112
22840
30656
8016
30830
31194
1997
32091
23913
20203
11678
1636
17200
4071
27450
20890
27898
3921
13555
32132
15279
3902
27245
28764
5377
1615
18453
12898
21461
2718
22180
18253
24692
30543
23196
11638
9281
175
3401
29885
26620
1878
32263
25883
25099
3255
17480
30381
8037
6453
19839
23987
13569
389
20028
1464
19769
27492
2251
25997
11991
31427
3087
29704
7312
12670
26385
27917
13980
22848
3253
4075
8549
6849
15706
26188
15474
5602
28190
23812
1707
28867
30491
1128
8462
32320
20999
14852
26266
17829
1676
7468
3507
32327
31979
15816
2163
19784
19280
26002
19233
25294
676
30414
3932
16613
7509
30259
993
19178
21416
31781
7570
23952
29906
23845
24186
26704
12668
21130
23774
28563
21221
15305
1847
18548
11507
25888
3358
20008
19822
26024
13579
16201
28689
29054
25586
11582
8826
31652
9467
6775
5271
6165
12166
11572
5505
32106
13814
15368
2402
4524
24128
30252
1410
22412
25423
12632
10081
17798
8084
26936
16979
11964
18492
27109
24305
2165
29807
16253
24821
15891
14592
31310
15357
32760
19683
32759
693
9322
9951
31906
3573
8650
17266
12390
22610
18187
2068
28338
25402
14307
25514
693
4451
929
31243
28510
10992
29183
28639
8852
16994
22308
5071
452
8828
27666
6184
21817
15329
29244
21547
14914
32266
12198
17634
23434
3783
16270
7167
9367
5311
17735
13332
8850
31058
28973
13713
30657
16933
6918
25499
19745
32261
19172
18714
6759
164
13630
24544
1883
12040
7665
16817
16506
4518
20232
18097
22207
10387
19502
22428
9868
21179
27757
10130
23732
27053
19420
18916
19419
12472
2395
17039
131
16303
16805
1574
8416
23088
25631
8378
16352
7328
23926
12668
3467
10848
20020
5619
9642
30551
24112
28991
30385
20511
32097
4873
27742
9529
31778
4853
13749
8390
563
7782
4147
9548
2240
96
11250
9001
31717
31255
23925
19987
10585
28408
17924
6831
31955
6846
28352
16868
8648
8964
15360
16726
24689
20786
14420
28927
7818
22344
6526
1803
30803
3738
24620
7905
5901
5532
5585
14298
12515
26661
32136
10738
14809
12416
19072
14299
30509
15881
8001
12536
11867
21283
19252
15998
5496
31732
30792
13271
30391
5042
32130
9970
19599
3280
2464
17188
10030
18212
4151
11502
12008
16630
3311
13761
29881
2497
3929
10316
14537
27738
17239
17587
26409
20992
3384
6452
32524
19073
23556
4798
24945
29938
15793
16523
24459
699
14558
28398
9804
22435
31027
8175
5804
29552
2097
32188
11939
16634
10980
19437
2052
21825
198
19785
7234
22969
14191
3690
17323
22493
9080
29605
31309
25039
9925
5400
1990
19466
29465
26386
22192
20720
25036
9992
28586
12134
22259
2464
189
19562
12665
21459
11953
30685
6289
16767
26954
24276
399
18266
10074
23158
28198
14022
16660
2457
12786
19165
1010
14189
32191
14419
10378
6174
15897
29186
27304
25930
17109
19916
31836
26292
16158
10893
19819
10621
10064
27925
22248
21416
15232
8662
21019
28734
20162
12672
20819
31725
5692
28280
3129
5362
22417
18328
3855
11646
24998
30822
3967
25103
28611
27661
31569
30853
27023
13254
32402
6335
1479
12
29826
16603
31204
17189
25906
427
10008
3006
27406
17758
19179
2062
28103
15275
23341
10467
29389
24753
32288
32289
24899
22899
31810
25926
1429
21237
8320
6646
14489
24182
29482
26344
4144
11274
6457
11099
17672
20500
4659
27520
12580
5491
382
32372
27353
4099
17592
18524
7966
29417
21807
9519
5635
1639
17048
5797
32094
31668
16009
31292
26624
25653
15630
22295
7388
11709
17376
6734
12411
2610
17969
1715
3225
20247
30050
7275
18522
29795
19512
30677
2071
10928
14289
22511
29213
1056
18944
17311
31275
21644
14244
11812
23666
29946
7933
9621
6608
209
5079
9738
5001
23966
2870
1268
27852
9439
7117
2021
31047
21120
4331
5422
32280
11218
13890
15635
14038
25125
13235
14284
1641
22667
1881
2403
21964
31167
12896
19713
11805
14560
19389
17807
16578
2649
15548
21320
21592
16432
23388
16545
25250
25583
31105
25736
23982
30655
24663
482
19162
30884
19681
26130
19822
17759
23718
24325
12856
12138
5694
765
1756
24142
10950
25034
2153
32471
1576
10740
24205
23628
29412
15102
26513
28631
26692
18633
6456
26384
6064
19046
8592
19301
9524
20317
28885
14465
748
14726
16341
3917
25947
25616
24164
31230
13827
968
21784
22066
18681
25027
26025
4093
25060
20541
19512
1694
9084
8205
7416
7942
23458
21000
9223
16068
13948
1182
15165
25540
27953
13299
26413
31367
28054
5973
773
23002
260
23442
26611
21268
4631
31971
30751
15885
9265
3762
18877
14661
1058
49
7259
16085
2996
22856
2484
30315
8278
26139
14913
775
24014
21702
8679
13151
23974
23755
25260
11857
4246
13653
24067
21821
25605
30543
4037
31446
8752
16243
8612
28788
6391
4374
11680
19912
8436
16469
780
561
5393
5045
7977
3709
9954
3667
2353
30608
29674
10887
31897
4190
1345
6735
29980
27242
26423
21303
183
16048
17010
20787
20464
15693
20471
20752
5784
31194
5353
26402
25874
26580
27406
20207
7429
29289
19818
26761
9938
9469
4359
3129
5083
478
32722
29687
17506
15089
20993
17388
23929
3414
18156
23546
7148
4385
8637
24657
30792
31135
20475
24843
24764
28590
6892
5127
8307
8821
6896
21041
13876
22462
8332
14015
18002
31796
23993
16263
30960
31409
31325
12475
30519
1346
29365
5921
18503
32608
28324
10490
2639
13458
11631
20708
29043
13926
23813
22577
30790
1447
11500
29976
9892
15499
14175
7573
7293
29103
29504
28528
29895
1806
3685
14896
6165
22540
16767
18914
3992
28915
3012
32602
13458
28994
11310
16822
14865
19718
16692
17101
20417
7724
24349
17782
10624
5525
19404
23297
20138
28210
27374
25332
29700
5166
21252
28667
25451
26455
28052
27456
29735
24330
21700
27858
19488
29943
4167
11350
1145
7684
22794
23667
9539
25281
8497
13694
5514
1991
27634
27466
24993
15193
10185
8837
325
6248
27517
27233
27601
17506
5700
30093
17368
27338
16833
4132
16301
26216
1116
3563
14010
17492
4126
29449
20939
32170
3766
11064
9840
17845
5502
21611
3035
31042
27562
3008
23464
7013
3576
28976
25928
13482
1148
30285
25941
14980
1474
10648
19948
31392
17179
14861
14540
16727
9770
17325
12709
14479
28201
2100
162
7083
24318
27561
2650
21623
12059
23080
6729
15307
14120
6187
16990
9551
30659
21564
25634
13120
3436
2891
25268
9801
13986
24676
160
10972
16460
32583
30495
11859
3611
15079
14181
14618
17302
15191
9353
28727
30943
10247
15006
17150
9388
30323
4755
23901
29509
6412
15516
19701
8715
28693
19406
21928
30257
21404
20988
21256
18585
13802
13898
15163
17298
2623
13461
1889
2056
14678
20214
10381
25922
20985
25821
18722
7994
21144
32284
3468
29413
7363
32668
8645
32444
819
30743
30445
1950
26053
10856
16216
31741
6900
6079
30677
27963
32348
4995
20999
4326
4907
17994
21356
7243
27466
32669
13206
5543
3016
29753
931
32351
1585
25100
23322
6139
8179
8629
26118
4196
15199
20074
30509
4730
32747
17922
1911
26992
10375
16577
14024
7116
28415
20878
9200
23093
13866
16570
10129
1079
19189
9356
13566
25774
11349
11508
14612
26632
355
31328
6707
24895
16277
24222
26510
4629
3973
14419
5613
10880
12040
918
8149
6499
2658
18159
9301
7169
16735
22092
4845
31174
10654
24161
18267
9889
28087
7420
19408
14880
9719
6540
23450
9966
30967
19953
3732
25679
5756
7114
25679
27130
31228
30847
8869
16565
20147
29805
30683
13679
28088
23464
18225
27551
19480
29715
18976
18791
26768
32221
25846
5350
28874
8877
1655
7149
14751
6153
13317
18890
18579
18818
19697
7911
21345
13133
11476
31112
25488
7662
11004
14249
12753
9255
26976
4003
10614
7853
18442
30936
13595
21745
22471
24015
26991
32658
32529
4155
28652
29665
8334
3220
1021
16425
30884
12900
9244
879
28211
19998
14166
21809
10741
19267
21994
12945
6153
8247
28122
13556
13947
24388
150
31363
24950
9311
7159
13268
28691
16279
30250
12418
13957
10404
25293
11545
11894
32156
29030
14390
17614
12156
25729
7692
5787
16027
3490
2071
18756
6427
19138
7548
18431
9807
19639
22454
1669
25743
22656
7948
13090
10501
15565
11711
28822
13700
24699
11126
5799
23363
6731
3046
6202
9720
22156
23749
18458
17093
3139
1586
12119
2300
24987
20142
22191
17446
10709
24149
18364
3205
12488
27666
31346
15125
8839
14805
10138
25033
26353
1490
21489
2899
11353
14356
13697
1249
2148
6502
8264
4532
32692
9543
24229
2675
385
22228
30430
15128
14004
15820
15782
3377
6961
14537
30066
24574
27270
27997
25717
28764
15111
13048
1482
23128
19090
7395
22861
1243
29445
8376
10866
30211
20393
5032
25324
8195
28707
2596
16505
25179
2971
25338
30441
28260
3619
27165
25176
9274
17242
6371
27995
3068
18697
10120
15277
21339
24795
2601
10520
15506
23871
13551
21954
20943
21073
17629
20003
2619
4202
10004
15812
18891
27769
2404
12919
22417
28415
4398
3477
24226
22711
30006
3424
18385
6416
27237
27789
1143
619
12135
25833
15639
17301
32014
30131
23497
8611
12113
31499
20946
11708
32585
18601
27902
10945
9533
1749
17666
387
27657
25044
11869
25345
2594
31688
22962
7812
1302
15197
8777
4787
1821
27722
17914
14633
6924
25624
10851
6526
16834
27565
32316
12660
13699
18404
25990
30702
19470
11516
24451
24855
23051
9929
7279
26725
5652
24581
9040
22279
9246
11344
13750
7819
3832
25347
15579
16822
3860
3157
14145
26841
5530
27790
28934
24601
25754
28447
26078
21829
23205
3808
31422
29765
27299
22856
21862
3904
26176
21626
31104
5253
13677
30658
8930
27115
27092
24778
24469
25878
28590
1166
25767
23441
17304
15826
6187
32047
25713
8059
10051
16133
12454
30869
1484
17972
22988
3709
24151
27560
32339
29823
11136
12758
19739
12766
25494
7820
16690
27079
18677
8777
18586
10571
19027
24249
26428
27943
22913
9958
32389
20262
23184
4483
11997
18758
19354
2357
5811
29900
26818
19290
12568
11079
24559
32569
10679
16089
32753
21662
24152
4368
16034
27779
25169
20731
11027
25525
18620
31302
7080
4537
7022
333
3660
31951
18058
3210
30428
12828
4815
11475
4891
2416
20534
31353
29253
18532
1661
4625
25503
4269
5436
6241
10901
29169
10728
20718
2480
31487
10950
18006
6837
29851
19804
6831
2333
19937
29113
13655
16138
12833
166
13880
4871
14122
20359
15110
17984
16716
675
18206
2272
29660
2593
31940
3492
30565
12247
30401
3308
12914
21195
13854
13914
5442
1376
12189
17427
16649
24820
12704
9105
19957
18339
21439
30569
611
30926
6630
13175
8198
26685
23927
26504
25100
925
23210
17618
13392
12774
16742
16653
21436
12110
13333
26421
26485
19845
8407
13296
3554
5259
10203
3280
18721
32519
19717
8639
2086
25000
18930
5628
16336
24324
7973
6675
23780
11814
8358
3391
21932
29876
10698
5557
19146
23811
1448
5631
1309
22098
18859
27481
11849
19850
28919
7964
30956
9750
18071
12166
7621
17547
20663
6630
29943
25371
10803
5151
4792
12951
28794
3630
2879
489
2592
20785
9353
15422
24788
4619
8229
10697
16805
25158
3963
14427
9943
12019
32137
3475
18850
20766
31189
15803
682
21191
24134
6303
4143
31303
9807
15684
2688
3806
28360
19536
3445
1230
23112
13209
24847
11742
1207
20158
21842
9645
8825
1533
2158
20596
29888
27580
27471
31351
10671
6202
21508
16431
31707
30934
23050
2969
20396
9634
28493
28602
23270
13383
18867
15603
24696
19293
23706
14954
24492
14015
18980
10948
10959
16634
1059
16111
28995
321
5184
21469
14183
12029
27446
18116
12255
2262
5643
8986
8203
10102
13653
11166
7144
29679
13252
30758
2978
8576
28669
26855
19198
10303
30026
19252
31026
17791
14953
28413
11586
30817
28370
5950
25172
12212
6148
4904
21633
30643
9919
22479
7119
14711
27328
13150
23118
15088
22826
28148
4373
27930
3165
280
20822
28689
23355
4371
29728
9177
15711
21301
12987
22372
18160
13454
21782
28536
10065
2643
18832
11000
5576
8133
24710
12964
23274
1104
26482
30426
24867
3899
26204
24902
3227
5621
22896
2404
26072
32566
29433
18246
21104
3514
1002
17176
32447
16209
27468
10763
1474
16553
5406
7214
31433
23425
30315
32449
30532
4839
14047
22409
26173
11092
6067
23008
4815
21172
12412
13086
7924
6763
11879
8627
16740
18683
23279
28111
30835
17441
30105
14530
21767
29738
16107
31486
17085
16151
25513
32520
8705
26989
5304
18324
2842
5930
24993
29301
23084
13911
25611
16634
20156
14369
6062
31998
30157
3403
2656
1310
7122
28051
21087
30674
3711
28431
30523
31601
31784
17009
13364
28985
20004
8343
28566
29564
5598
7423
23889
17670
20626
2548
9095
9766
24209
26915
15307
31488
17242
27173
28758
22751
27910
29834
28647
239
10092
15165
9673
5036
2619
10304
25157
5069
10180
5350
26471
31865
30079
30320
6953
5610
14166
19741
4135
11694
1506
10195
27174
26874
4018
13206
28029
3728
18219
23447
8547
29599
5370
10364
7102
17112
1726
20127
760
22374
1042
12524
30375
32704
32446
32737
27626
4841
31792
1293
25398
1905
21261
19329
16260
11219
15184
17672
6796
4901
16256
16156
21948
21921
5602
3251
17947
8065
1222
12154
24331
5401
20133
14258
23092
17816
21382
2678
16629
13813
10438
26371
22763
10024
29227
16735
13996
17189
17284
32254
31329
15431
14597
6051
13905
21068
2863
29353
3067
13403
9387
29227
17353
14950
18681
13500
21088
30781
29675
10159
25437
15416
26931
10480
28853
16881
25475
5482
7976
14176
29337
2373
10786
17347
5216
31968
14410
6362
27235
10263
587
12048
25953
2226
26476
14448
22460
6116
6837
28089
6509
745
32638
11468
18582
21098
11194
27541
23834
9546
4390
373
4373
1704
20922
5649
15371
18331
29098
23376
6959
4890
14411
20370
25381
11993
29192
9977
22382
17498
14149
25051
2592
17727
29317
23823
19098
15951
27792
11169
1808
2344
1143
24511
6618
17238
8866
3094
26553
15170
13143
17944
10456
19286
2489
7890
5223
3544
28563
3574
18561
5172
29753
31268
880
12296
22373
4070
1024
25567
29439
1157
13603
22599
31421
30143
6000
21895
9119
16409
11873
3802
2289
17462
18521
30991
12197
27124
21762
17921
20326
6464
31776
16581
7311
32291
5471
20714
6444
31198
21592
20456
18414
15555
8542
27881
3079
29834
19633
20408
6262
13463
30851
2710
17541
24766
1952
8334
2564
26623
5789
3123
21756
17706
29615
8320
9504
16974
24833
9763
25104
10511
12552
30698
17079
25651
20338
4710
17151
12253
30212
7655
15132
20784
16201
24130
28597
19896
8785
14535
5906
26009
10039
14296
3845
28895
24687
29655
28524
24425
28999
24733
30212
21438
32099
1882
11921
24187
12733
7056
30696
10097
14848
20434
29047
27693
28973
12626
6076
18462
20814
27997
20386
10095
7218
23757
13177
25937
27882
31567
2063
22595
24629
31477
1370
25166
8885
24996
16594
25798
24393
6496
8439
23396
28555
19401
7815
13366
589
7580
20938
2032
11995
10005
29356
3384
31850
14270
3437
22363
16119
10823
6836
28335
18440
16043
21517
15185
17681
26761
3631
14620
15238
16652
31251
16567
4513
32084
18343
27105
12975
25741
21109
15549
13246
30002
6918
16505
14764
27103
10653
21915
15018
13287
3803
12528
30024
27916
16015
14079
5943
32583
1911
11106
12856
6358
12421
4839
16337
18449
25680
20882
24721
29514
17048
9685
24572
14415
13967
4140
17020
28619
13386
29650
6849
10877
25377
14095
3977
6802
10888
16661
19047
31957
15695
5625
19678
30285
8856
17440
5762
15122
11440
30275
3158
6036
5830
14596
3148
12768
10235
31787
22988
20831
26894
25132
21383
19367
1076
11134
15001
16995
30048
30239
7314
3828
10441
13861
14566
26605
27154
20364
18280
11462
22662
25875
9645
29332
9469
30286
11832
25116
14680
1406
3662
17011
4641
22143
30305
16736
28453
25361
29885
18970
16081
153
8208
16891
23950
9297
13844
27226
32381
9060
31360
8349
27671
25467
26133
10047
6187
21662
20808
3312
3709
2729
16348
15836
18593
20090
21666
2876
8052
25403
8429
31437
11780
25450
5998
2012
13746
3168
20404
21901
2022
14607
32735
10818
15981
19394
16902
7473
1972
21690
27209
18057
31037
1256
15016
27284
6096
6640
26292
11652
13693
22142
5045
32121
27155
28876
11048
28629
23214
7233
13408
11531
16351
29850
2178
23132
5808
7678
21836
31863
30027
588
22696
25561
11621
17093
6716
29222
3052
27778
2389
11516
20151
9682
2570
29541
8578
17957
31518
22380
24279
26603
16866
4582
13010
14904
19374
24828
26634
24134
9209
13681
21724
10427
18518
5634
3919
3610
12730
20862
31434
20177
16842
12454
11417
28549
3423
7819
16919
21102
6713
21397
21598
24048
23033
3256
31310
12710
9186
16832
16248
2831
32391
3518
29266
19251
27120
17209
17275
25322
23026
30241
5356
29509
1124
27564
17389
15532
27564
6762
27764
21325
463
20493
13688
1110
6
185
20586
23142
23238
6700
19255
2847
27112
29928
13522
11677
3374
6627
3746
10425
5572
9412
10935
22658
17360
16155
15055
30691
15928
22461
22790
19340
6706
22039
29019
3907
16190
27160
3472
3160
13496
11061
23634
17748
7053
12614
220
6484
19841
25903
20903
14760
1077
17221
26910
28038
1689
7970
17941
18014
21137
8194
25279
29379
32391
29915
7548
4363
6218
25458
24452
24037
9667
19014
5374
28336
2369
27832
5531
12908
31546
29814
25522
30621
20383
30253
1170
2599
26953
754
29245
29775
16168
31864
4177
294
27922
17670
18904
23982
27103
22471
29109
669
11597
8137
31593
11132
8224
5021
8510
699
2616
10071
22013
9806
20074
28719
3531
26031
25670
26437
26240
30677
26985
21684
24209
7132
31673
15262
5544
2150
4600
13990
25333
5798
4508
14018
25206
14104
15639
24552
27398
14498
10845
30086
4149
4043
4016
29267
1120
26257
17224
25735
5095
11974
31179
15022
12579
25462
23936
29990
27313
15150
23262
28334
2693
4337
7023
17360
3987
2611
13451
2334
15538
19763
9829
25300
25099
13843
32361
28096
4768
29855
13502
30800
27399
15568
3656
5516
15397
13807
13230
22485
25779
17771
3682
2513
15274
12435
7811
30669
3232
21908
23144
9530
22763
4297
25776
21359
28072
31498
17831
26351
22033
17691
4559
27063
1680
19950
27595
22198
8277
23046
12361
2345
4645
9182
4345
14838
30604
26083
7678
30392
20951
16639
11119
8052
24286
29909
17347
12288
23289
8582
23359
9937
12493
23855
27665
1238
17203
21499
14681
13065
27771
29400
7029
19051
25099
16640
26442
4974
3049
24470
20761
23321
21857
29523
15328
19203
16665
450
9478
30971
4924
25834
21701
32714
15970
3357
26263
24204
256
24922
14801
23700
29621
26361
143
19
19426
19266
27626
8076
1703
2235
31467
16951
15913
4767
7342
17368
1667
25472
14678
300
8092
10497
25280
9127
23722
10138
26966
1551
25487
18546
13729
3669
32321
2859
31267
19036
10306
9870
26638
7787
17971
25418
18157
17688
25801
25018
25292
6053
16409
20986
30420
27895
9851
23238
16708
22307
19441
23755
8442
9024
5058
16604
28023
26445
850
26415
10200
27761
19803
19121
17834
5715
29316
13890
13821
4568
17941
9974
9947
20372
10180
7292
18631
3921
6512
3765
1908
8190
26390
28781
20956
17043
4795
5855
23896
2646
5302
28546
26417
30591
28565
28404
20145
31697
2556
12565
11553
18399
29143
29609
19915
17338
31448
18014
16192
14349
11643
19293
32182
5491
22692
599
22810
15333
30207
29366
23256
11047
31305
5972
14023
4162
1712
4579
6818
13843
26140
13914
18894
6920
25198
19410
21916
23089
11734
14257
16278
15489
32627
32679
32137
7044
30635
32693
8551
19646
24531
8906
5499
24743
21434
6455
7246
21082
30001
26719
9164
31224
10540
17668
28891
30241
10635
5918
24459
11883
13015
29776
18892
11405
23914
11057
10441
3867
10653
32140
699
13933
26406
22517
20919
21662
28646
15580
14198
25704
24306
15090
9
27553
19896
24669
13345
10275
5146
18332
10576
5978
22527
25097
10727
18921
8341
11942
17625
9454
32062
28510
23085
11015
22573
16616
8647
23344
3624
8019
30801
11057
18185
6891
11612
28549
7989
20389
17298
4840
6226
26134
10497
2126
1775
27125
9279
18758
24016
16850
29493
22505
21958
17747
31353
7880
13863
1860
21130
5671
23583
17883
15468
18815
18317
9419
1592
13647
4121
8558
12811
13559
24634
9977
20087
15652
1981
19514
26673
23173
10263
15200
29376
20711
20837
2432
15361
7287
9595
27522
5674
32367
6801
515
14467
14175
13552
20357
31949
29851
12744
11387
19832
19104
18842
21422
17335
21824
15427
26389
26095
31995
7192
24547
13384
6805
14762
6313
15168
7399
14297
9761
11037
29931
3369
3119
24519
23968
18847
3150
12006
17869
29547
28479
9719
10067
8343
24511
18371
18289
22127
25021
7093
8951
29344
17134
8401
2821
14828
11523
21790
10650
9506
30466
21407
14601
31112
3694
9181
12138
2495
22830
24396
9835
7089
26089
1398
15145
6716
25258
23771
19230
10889
28034
22527
27928
10524
31427
17400
19469
5869
4935
30297
7424
6318
32198
21702
8423
8613
18716
27970
21362
13027
15346
12278
6435
24957
10234
8068
7395
31042
13214
14910
25097
7515
12762
30247
26642
16473
13858
28794
15174
25926
30767
24703
990
2847
1129
31568
26494
19047
10429
10071
7389
6935
24821
17008
1032
6389
18527
16536
18571
25642
616
8762
17458
20203
15241
13325
23484
28093
14031
29835
11922
24802
22042
32019
8279
13659
10187
20817
8568
25171
17956
8086
15932
21350
16193
19264
28304
29872
27900
22430
26375
4122
27303
10048
18425
17393
21605
20596
26927
25984
31394
28052
26142
5676
9216
30272
1093
3045
17590
18942
6257
23264
29803
24328
9018
14431
27321
14525
5823
4316
12760
3461
10628
21630
3734
2140
2382
3758
4787
27236
2197
4942
11218
24663
27415
11097
15828
21392
15819
15791
23454
30514
13826
10561
26263
20434
3085
6482
9748
25437
22753
5681
19635
16205
14128
6089
30462
27069
8176
30377
29440
24545
12
20709
21759
15723
29726
3277
4111
4318
16379
1847
5814
21284
7541
8787
18551
13217
29090
1013
22277
973
10591
4796
770
8989
