28444
25786
25482
28335
5881
28301
25032
6431
31734
10259
3467
7877
4315
21375
9674
9821
14520
29898
1744
1369
20398
19662
27880
14871
5593
15576
20573
9825
26881
8074
27823
13341
6040
4138
26633
22349
29790
28164
14121
13897
1757
10130
15433
780
12668
1635
31379
6902
16973
7243
17772
2230
12823
28365
20106
14427
7305
27049
27655
31442
6651
26756
15457
26137
27209
31988
21786
5268
22207
24421
12065
20351
16141
2908
28346
5260
12722
29778
5625
6138
12224
27166
23476
5813
4884
20005
14411
18529
16009
16738
14523
7270
8346
32613
21854
13181
29710
6301
12393
19470
22028
20930
16625
9043
6837
23187
14233
5812
10940
10824
17175
32192
4194
19396
22383
7644
31640
30489
18067
15665
31895
11824
25415
14966
12798
23248
29015
27868
9336
21418
4913
6652
13325
26329
16879
9033
14705
18200
21691
8462
11057
1404
20433
11589
14403
20831
21394
4674
27580
17114
3843
30595
7236
2513
25000
11797
11183
10195
12282
16582
3879
22813
7446
21488
32410
16927
10665
11371
6060
20655
32338
30791
17818
28279
32278
13022
14452
28532
19891
29352
27783
20158
3260
23402
8581
12053
7469
23369
1687
15312
20256
20407
25125
18868
16479
7464
22251
18629
28061
16989
6131
5760
20528
5787
11611
23024
21309
1411
7029
2681
5713
6750
28999
26868
11605
27162
27138
4994
13349
12558
21971
8693
28796
2910
19380
3224
12748
25490
10
13875
13390
12717
30379
13486
1904
7496
11535
10754
10980
24974
29765
260
6652
1620
19377
2681
32457
3126
15886
7976
3438
3281
29041
28789
19158
26593
1078
32106
4018
1979
8513
24994
29741
12656
2074
30033
4698
25769
27548
10848
255
28575
30371
5594
28849
21916
500
5534
14272
31307
22073
14916
22663
26365
21050
216
891
3137
22021
4134
26802
11873
17892
17951
362
12175
23542
16616
14626
3494
14949
16026
21153
24037
10500
31
32237
17901
26564
20630
2079
19156
17228
15361
19284
15928
27229
10404
18116
8785
2131
3424
8721
4064
12898
31906
23135
14862
7727
20842
9288
22721
5682
9513
3036
14345
31856
3978
4663
20904
15361
9324
4590
21176
4232
10121
13463
21146
16243
17402
2673
27353
17873
23509
17165
19677
5377
25821
14115
28242
9632
11997
21977
9295
22674
11625
28461
14424
19049
13816
15309
24727
30126
2291
30315
574
3848
29529
9787
18797
31605
29505
27159
32748
13364
6531
4915
6865
28607
28146
31589
23881
9061
20728
18585
986
27714
26658
30551
2388
30900
2900
17672
31894
6566
15405
2703
13458
58
10661
8771
27245
1345
31846
5832
24803
7561
9114
30552
6976
27435
23120
24983
20798
25624
29758
2301
22127
25583
14791
17873
10034
27083
18655
27796
12454
17678
10878
23087
10012
14334
6956
27827
25595
9972
5856
26569
23746
32661
29855
1
19745
20385
31321
6174
27653
13604
13433
8137
24773
29326
5981
19213
26372
5520
6605
9274
575
27691
15440
23107
12335
121
13687
18164
21410
15441
23408
23055
3342
19502
24625
21420
19213
18735
29464
23312
23949
9507
28530
14406
17325
5799
12486
11451
18107
4359
17806
31342
20389
17888
29677
30544
17215
7044
3905
8596
31526
32560
30274
3696
27625
31965
6759
19070
12788
8314
25908
4090
23892
25950
7719
25797
5343
3271
31810
3492
32757
19505
5693
6565
10385
5475
25140
28699
13859
1689
31247
9607
22193
23239
3989
2892
1465
30711
6718
27960
26692
7051
9333
28802
15317
20794
23297
31869
6510
17240
3880
32393
27775
29202
24614
7352
31602
4378
10355
24275
6917
26690
2024
20918
12442
23571
27556
4656
18875
10494
15051
19657
18284
6180
23182
30923
5427
18120
18939
26353
20518
5119
20475
8123
23247
3020
22463
13372
9277
32450
30382
645
6166
3915
3172
27270
599
1214
27072
162
12107
11972
2160
25234
13218
14570
29427
1855
19685
4246
22930
4070
734
11425
6582
10289
22904
22215
22346
11081
12659
10976
17167
30542
17438
4326
11217
18056
23817
30917
1671
30295
22091
1229
2851
20435
3806
29065
26336
2179
9704
9758
18418
8275
18234
31504
16745
23402
636
363
23357
25034
6731
27945
1160
11391
5772
1956
3098
23285
30996
29873
18329
26461
10448
13294
7577
28274
6073
1155
26939
17265
22808
25130
18819
27154
15578
10044
1748
11594
22324
15102
25075
16799
32610
12817
26480
26120
27558
21336
12085
2265
18489
15938
28654
19134
21451
12480
29348
14210
21555
32573
19261
24505
10541
31918
1978
10006
4066
25184
23794
25787
29541
17898
23955
15312
23647
29624
14305
9935
733
6808
28602
16796
22376
18827
4993
17537
19136
8943
7484
8487
28491
24130
18825
25047
8217
5780
4831
7867
9129
4244
30819
3513
9107
3087
32237
26662
31105
2116
8310
3269
30205
23771
3458
15578
7106
1089
22328
16934
23736
13617
15315
10681
16050
16350
10676
21279
14994
12445
3538
3255
24332
22875
29533
23926
14292
27297
23098
13926
11513
7395
3666
7942
9654
14972
1681
21572
8130
13636
9966
2075
17019
29892
31939
31957
4523
13916
15274
23281
22089
21669
19885
31370
28176
32514
10567
4232
7587
12698
10855
11866
3419
11858
17834
24759
30892
8892
27997
19244
25950
14694
24780
16796
25659
16734
19444
10281
26004
17868
6402
6623
15084
6792
27903
32566
21326
10523
27527
19864
24699
2131
27734
4151
16199
7568
16039
30049
17117
25798
6011
17545
16459
32327
22110
27770
3344
21289
2936
32499
10166
7327
26542
20983
30348
13184
32570
20285
3771
22263
2548
25591
9978
24253
24220
21000
14737
20932
29105
6411
31530
6770
32036
21614
10044
16278
745
9286
13917
18956
8788
30540
8339
30506
31487
17769
26226
302
16594
19377
1549
17833
576
30866
8686
12561
15405
1848
29551
19425
828
8943
1665
22620
26677
16724
18135
11151
13165
6151
7090
24579
24004
7
12155
32519
28338
17587
6370
2215
27279
28353
26560
12707
2895
7063
13233
7781
14375
2857
11450
24037
9106
7942
17501
21977
7818
14436
6505
9362
6969
9347
30519
20708
21216
28640
20247
5218
1408
3939
23750
29735
10085
30655
27392
1360
26803
32490
6286
25422
4105
8445
154
3755
17160
5886
25790
23778
19004
6741
15923
17318
8552
25239
20436
6813
2304
30788
20682
24173
32495
16838
1686
6410
3211
5947
13109
8333
25385
20771
26247
20883
15351
12338
32678
9494
28520
18914
21823
29145
11114
28434
27746
15765
12493
23729
12196
4499
21156
19072
7597
8575
30281
10094
25642
12219
22686
18213
206
18578
13626
9923
3003
30405
18080
31060
12434
32473
5646
14326
24141
11598
28181
19561
30614
25416
29257
4242
23116
32415
9988
1796
27946
18519
29543
7023
17690
11874
4581
3709
2093
834
16313
9608
12992
6738
25253
3003
26697
2348
6229
12188
4209
4490
28871
27908
2472
1821
8869
19188
25248
22152
18006
6583
10998
2535
17742
2882
3449
25466
295
13882
15501
21596
29299
5980
8138
2577
25818
22402
9265
18698
2313
25417
7700
2536
2043
6283
10194
21608
5780
25108
26716
17990
22766
13972
5942
19974
30011
24221
4882
23371
28906
3377
9137
5111
26150
25709
12316
5650
2085
19747
20725
19403
25217
30927
1217
6089
12794
30312
18308
21394
8711
27384
7330
11784
31820
7014
3982
11875
30147
14823
31084
23167
11346
25692
2917
15184
6816
11695
29876
3640
17373
15271
205
30179
18701
12723
24758
24312
12014
9897
1895
6634
1828
27707
10635
17
27639
28225
23331
20324
15732
12538
1696
15185
10782
32751
32764
15475
8301
3725
6041
10741
14425
17429
22485
25862
10355
21969
4461
23635
19095
8959
15801
32648
22851
704
1769
15730
13558
28994
8468
22097
16356
7531
31558
6140
30657
12688
9994
21961
1760
12820
1807
12548
15789
44
18228
789
15685
26055
28292
23197
1797
16974
28246
30482
15127
27552
10861
24512
5276
1425
7089
10449
14422
1982
14259
24144
25622
31556
17054
15278
32360
21084
22094
16038
21354
20352
25568
3471
16939
10432
8611
23012
16294
19638
7805
27151
25812
1545
16467
11683
2753
199
18614
6345
7754
25801
28746
23103
20505
25916
13475
17440
19203
22321
6828
31057
2506
3825
18510
8501
22041
22093
24456
28027
7427
14813
15407
30418
26303
11885
2707
7904
8545
18427
5840
32249
25408
24988
10987
7119
9765
24625
26476
9709
833
21408
17388
19089
14822
1389
4955
3445
1147
20049
13206
3145
15177
19669
11184
1858
19935
967
27471
21865
27766
3744
21723
10669
15964
31032
22702
10753
14922
11975
19457
19305
19072
6190
6573
22962
29334
9436
14084
15265
14980
29419
28494
13712
12669
13472
14822
6190
1222
27768
20915
7419
7893
17508
8439
15312
27586
31220
11838
12724
1384
15377
4089
11417
18140
16790
19230
15100
11898
2831
17140
1089
16646
13329
16090
27244
10025
17020
31486
3379
8988
4839
4360
24923
20890
4962
15657
25107
24902
29991
22654
19219
13183
14853
13332
9927
1749
27961
20627
27330
22562
5864
25299
8259
25846
14853
13771
180
21629
7615
5143
12011
19432
10690
13479
10488
29719
1861
5541
14221
7782
16241
418
18750
21705
2850
2898
31384
10160
16467
727
27523
7787
6773
20897
17166
11237
26557
12622
2257
28047
431
30206
9078
15829
14395
1075
18834
6694
19515
13635
9910
935
18285
9853
32518
23988
143
2434
24720
25027
18889
10902
31534
15547
11760
19142
1609
32094
730
23757
2952
11940
27225
31453
14959
5596
16622
26240
22695
10307
18752
27285
16814
3176
31326
1326
13011
30374
7819
7651
8973
22570
7371
24851
25284
27807
3367
21502
28612
21476
17148
22836
8486
3257
22172
6669
6443
6196
10220
11868
30366
28062
14897
2039
18234
8142
3238
6028
23638
7842
18384
115
22749
5648
31899
21341
12806
383
20580
2086
22529
5589
29892
1096
21431
21912
29002
976
4147
11695
7529
32450
7041
6232
13136
7891
32077
15039
23317
27163
16793
276
122
17411
6055
31499
4981
2896
17330
5666
16632
15495
13193
28934
30302
27578
31660
27472
17032
16975
22989
30464
30357
10498
24198
28981
31754
8589
21098
18016
10076
11394
10961
25827
12113
26574
24163
1401
23937
12835
1887
28091
16019
22998
5507
27432
22636
3277
20896
27001
11583
11123
30642
5924
22163
5798
27487
4206
129
10393
15799
2709
32504
10813
26220
12486
14664
25502
10963
7917
28157
19614
13927
21279
23703
28854
17753
7880
13137
6607
1585
17304
11321
16470
8578
23331
20501
3577
17239
31056
21650
7668
16825
15364
3359
20605
15148
26231
19643
23995
21383
27826
31395
13776
13713
4442
31651
21052
1310
27398
23585
20639
23659
19511
10559
1451
416
4088
30376
10925
25990
1922
28540
666
22199
27520
18409
21462
12767
4204
31887
30405
32080
23218
5996
18981
7763
10337
1123
32425
25836
1277
16914
853
459
1149
15295
10576
17577
4005
30336
10769
25545
17461
8474
20369
21070
22551
24481
19561
25485
4312
25807
5695
2962
8214
30637
13308
12619
27951
6598
26757
17596
23965
19153
24098
30939
20920
12694
6296
1937
8718
27609
6185
14943
392
13826
4289
28447
27091
4825
11242
1788
29962
14336
30564
21590
16237
9805
18872
19797
10804
353
28251
10947
27413
20779
32332
27094
19895
25238
1757
24676
32515
17372
16529
27249
26379
12804
998
14613
32003
17908
27923
29569
17433
13612
29452
8410
10000
30534
21390
3842
10626
23971
20659
30607
566
26344
20603
20991
19874
25931
750
18023
1259
30134
21668
28746
9305
22834
10401
18463
15714
17493
32531
16373
12439
25999
22215
5650
2809
31238
1303
4598
24282
8778
29398
9923
23898
10693
5740
2007
682
2093
5422
22272
15436
9149
827
24953
30402
17359
14037
1893
3884
120
22275
17559
24706
4535
29872
29167
9787
3377
28172
13423
15936
30565
20037
29570
2193
17751
1728
17374
1983
3966
10485
1669
24114
27310
19300
7549
7121
20037
13228
12424
888
1237
5444
1464
5246
12754
19477
15644
24304
9674
477
17133
31643
15131
31359
9806
25044
24170
22003
902
29062
16240
5712
20447
24295
20320
8473
3199
11086
7141
24213
6413
30831
14720
236
30086
15100
18774
25615
1227
24546
3663
3988
27596
23571
10044
506
24868
3521
13113
29171
32496
15051
10665
19860
640
16397
2074
5106
27867
11015
14728
15741
9322
9699
13122
12715
5573
6632
32632
21265
14790
29610
20688
26276
989
4694
9712
22144
1653
31133
12488
31365
7131
24314
3949
20478
11921
5769
20077
22227
5461
29569
29624
14208
30728
18064
28685
25146
30941
20994
3041
14963
18156
1170
25439
21301
27334
24663
12875
21431
6256
9665
26147
17695
25956
15096
12803
7697
14612
1387
1876
6400
4787
1946
3213
25574
5032
584
18658
3807
9145
31229
13500
29775
26431
26415
32725
14350
12359
9304
14143
25484
20780
23062
19545
21973
23675
25237
3169
10729
30352
15977
10077
27310
17033
1622
1027
9818
15970
21193
7396
15543
2451
2795
10441
1230
4158
15848
16381
12819
20495
32399
20005
3565
22221
20363
26434
22145
3844
12033
6236
28521
32598
5179
28360
21248
1765
5033
9118
26905
8659
8735
11973
2539
10972
713
17174
14920
13845
3223
19522
29518
22441
23086
9387
31463
4485
3715
6240
27234
6777
22313
22230
28493
22779
5119
20505
22822
29818
2037
32596
32642
10074
22869
2128
18978
8932
14678
12051
9498
13404
2796
12215
14968
13542
31211
27877
30030
4920
15522
32509
8312
1149
12649
16319
18840
25778
18658
17546
20252
3443
29432
187
7441
15606
4453
7385
2701
7057
5030
19859
5526
20323
20034
10244
23916
27485
24219
7877
10120
13150
28779
2214
26724
23543
8091
28225
15053
22177
4025
18225
24299
13934
30736
14112
18458
26198
27430
14523
4640
5469
26589
5929
20444
4200
3167
5462
18407
14089
31715
16349
4956
27592
20846
23390
25
31186
18157
32083
16916
8072
30633
13675
12974
8122
19174
16529
28386
17370
12638
28293
3455
8376
11886
20134
7366
7993
8762
8025
11415
17110
30446
19999
21585
321
4336
29333
3780
10498
10812
31225
6463
25067
9905
26446
910
25371
166
29553
29258
6388
9942
13985
6782
30682
10128
30005
15335
15574
8489
3131
3870
21111
12488
11788
4895
7746
3395
2591
5292
16756
21435
1934
4213
25919
6273
10858
26617
13762
12456
17101
666
25121
18358
1108
627
21902
30901
18391
8361
3327
25610
27108
3336
20470
10828
20395
24563
2138
2613
30
7857
7180
24460
24686
2457
21535
13309
1025
10993
14296
24044
28572
10067
17132
4680
24235
20886
26408
2764
9596
18522
7918
18305
2709
939
11014
10660
24213
19529
31757
17816
2756
31681
7789
2722
16554
29575
5655
17345
2935
783
21201
15999
21349
19908
20093
8033
26583
6339
4785
889
9541
21102
22761
28101
2275
19721
11674
27756
29223
22504
2835
6719
6487
1034
25796
31630
14263
24012
2082
632
13646
7767
3678
25181
22907
19433
8844
6881
24066
29888
25503
146
16046
11839
23834
13880
17910
32129
17095
17178
16639
17551
19986
21300
24122
14495
5777
20140
794
27322
31690
16584
7418
8612
3270
22688
26339
28972
9956
15963
27665
22363
8744
12184
27592
21447
31676
19075
31391
4185
21430
13144
15029
28977
28884
27355
29049
3890
16790
10315
5496
16699
4942
25524
17095
10320
7096
17579
29901
22997
6396
7551
24148
32204
2728
14315
30133
29293
15455
25055
13119
12
5197
21020
25764
30447
25505
1643
23168
26290
25166
10599
3210
6990
10660
22821
17319
5357
5545
28051
1999
25777
26828
2280
6193
18934
14028
5776
8107
32317
12445
13234
11259
9739
22972
4295
15409
30950
28646
16228
21376
26853
12988
3479
10572
657
31860
9934
10794
31051
27744
31971
26445
24842
21621
9574
1001
18895
1065
1772
32658
22224
31170
3215
2450
29269
24109
11148
12996
8972
17989
9541
16885
26409
19674
15246
26120
4663
4555
19922
1344
10408
6130
6849
1914
1287
25517
2867
20407
22677
25547
13982
10618
11752
14170
26487
13292
12962
11978
6991
29156
29315
1953
15003
25507
3462
26434
17828
20412
19476
15105
32624
11863
24818
20717
28417
4231
320
2839
29281
31149
19973
26225
23539
20701
29522
12358
3615
3440
16542
32637
28238
16860
2706
5754
1384
13257
15035
8071
10724
10887
14688
12907
17440
11001
11780
12710
25038
18721
3596
25192
12655
11154
30962
31907
25664
17378
8645
7439
1434
24118
12495
27223
18788
3666
1003
9295
11764
21439
24478
28041
29792
1632
2377
12017
16713
2063
30103
11569
7749
7759
4133
14598
29864
7611
14937
19318
14858
7713
28603
16709
18567
24748
27211
10845
19414
5460
26642
31628
32080
8896
12736
25451
26650
21211
2145
26212
16823
11996
29062
11839
5304
21411
25311
9856
20652
29261
18510
7887
20317
22466
19391
573
20589
8856
29816
27456
30406
13799
10024
29730
10460
30945
17234
23874
22939
13270
29465
6142
4311
12099
29257
29170
14855
22331
14973
7865
14777
22391
7723
13237
14663
16073
28058
15068
16878
7396
8380
25852
20519
14034
5498
15353
26985
25302
14669
32471
32469
23322
27352
189
1895
12669
32397
11737
18410
5768
4195
12816
7864
10670
9444
8507
2748
31557
29133
23814
15749
696
28358
4717
672
23227
25222
10167
19328
20165
19699
133
11009
10878
8333
28903
31265
19215
7264
5387
26971
22445
19300
17059
14956
26540
17802
30152
27855
22693
30970
2534
6530
19767
7021
12142
3375
13617
1661
27483
31145
21115
18313
27001
21092
13418
480
30942
20206
18624
31242
10085
15581
11944
12555
28240
24022
6833
8911
13812
23745
21199
20277
8789
19149
1706
5117
29415
7358
5264
12499
24537
20445
23921
18084
17362
10810
4990
28854
9434
25345
697
6636
1600
12641
18677
17271
8726
27708
22156
20275
15776
24534
4559
7973
24542
27201
27853
19253
4118
29750
27717
19781
15046
21563
8923
1904
11229
17864
22048
23363
23223
1672
29764
10229
9212
301
4873
122
27141
8794
18442
11977
8851
8258
3986
6952
24321
8796
5230
26908
3565
30389
14082
8652
29133
10070
23360
21850
21821
12765
24030
22701
11248
20869
5092
16819
18544
7828
32649
8671
24225
18420
1516
17768
5045
32738
21327
19792
210
20039
8283
28230
27273
13496
31313
29241
30532
29919
3422
23330
23091
26482
14306
16360
15377
13761
6924
8424
8605
19452
16500
26651
5630
5829
20210
28394
26439
20455
6399
8744
10912
19336
22281
22487
30416
7932
18806
17291
8138
2475
19391
29773
13341
31763
14289
15680
29823
10615
11138
10086
32503
18103
27418
32347
14347
20259
13202
26380
26131
29524
32151
8746
24883
9459
18660
9693
22453
530
13236
3227
23958
21079
29239
17354
31112
5137
11074
11580
7117
20002
6493
30604
18593
16945
4263
17824
20995
19987
5354
4561
23698
31982
8811
5344
4226
411
16407
18310
8390
21457
16800
7708
13464
4051
5740
18617
15231
9013
2541
11595
15666
31052
1372
1818
27964
31087
18999
19341
21034
6249
29961
5240
10957
15875
14622
1581
6391
24959
23580
17204
13150
17171
17542
27227
18996
28269
18893
11524
18748
19006
2955
10079
24841
16328
16764
17100
6913
4488
21744
18226
25942
6407
24633
32189
5208
21984
30303
13447
6188
31422
11939
27914
31113
31884
25696
12155
26034
11810
10688
16498
21
6670
25241
28234
29912
8384
21662
28453
20087
5915
16075
26809
9186
16748
18874
2775
726
10181
22828
28432
18793
753
22317
32420
24831
31333
31023
32448
5683
10311
13116
6502
30478
10250
23607
32191
20186
7646
17114
4694
12496
10758
10852
29466
17351
25790
25931
1709
17855
30797
29403
8251
25561
10797
14794
7625
27494
15796
5319
30805
12010
20759
16902
1848
18631
9514
15062
22237
19641
11352
17290
26067
23034
5678
10440
29270
21589
11178
24482
28797
3132
30990
9292
29646
25004
23031
16421
31729
29368
30806
16521
32658
19728
13888
9588
8562
18513
31388
6041
9206
29362
18986
11601
2746
31285
5323
23039
8430
21734
19143
13449
4501
23898
26250
25423
24430
32500
29679
4663
31985
17671
25516
2458
4459
29514
20444
7473
7929
29380
30320
30545
11589
3356
15884
22646
11496
16188
7209
14109
30323
4830
8450
10082
3488
11605
9993
28658
22915
26312
16295
14941
7160
31058
15109
25043
4054
8391
11896
12302
14617
7900
11069
23771
20086
28495
29512
6742
499
11881
17188
27134
4570
5252
5724
14880
24403
21451
18282
12759
30010
58
3965
12616
30657
22885
12339
27106
1869
8291
4066
29106
28145
12234
25813
30939
8798
7883
31945
9230
15984
13476
26000
20762
9752
12301
31202
415
15764
3647
14463
30081
13384
22627
11837
29099
22715
7400
31954
25342
26189
21632
24770
53
8151
29716
27237
16325
10115
16896
32169
29906
6570
16077
28671
30222
27671
22893
18259
31453
19831
27444
31827
26426
7023
26086
5662
1015
26223
10046
4874
28181
31402
10669
23854
7045
18671
16016
27041
12347
29168
29314
20498
15386
6629
3646
15584
5501
30826
1683
20112
23163
28657
5671
26484
4358
14075
15847
27090
25369
27440
27638
14862
17165
8194
16392
14890
19485
18379
14022
17414
22870
31019
14899
27261
6221
22016
21416
12540
14795
7909
31766
11915
15387
25133
21630
16406
902
20069
20824
32388
12902
17920
5850
7945
22870
9645
421
12018
20846
11862
31886
17789
32612
10894
5901
14081
21510
12037
9381
23951
8866
28680
29900
15938
31195
27583
13077
6737
25239
25095
23290
4861
8966
13616
28731
6048
5827
32154
4581
12696
14328
28800
9070
28995
32361
12361
28478
19553
6199
27285
4910
11863
23926
1419
23170
1503
27533
22612
2851
22281
6681
8228
2190
24250
32526
7734
26863
10525
18325
21066
32158
26860
15083
8332
1445
681
30688
4110
32496
4799
27445
23426
25949
17592
15674
28903
28361
2119
1038
8933
28908
19442
17554
18662
17482
25575
5922
25406
23858
1808
28399
7160
28537
21629
12702
951
3215
30524
13064
28945
6544
12898
1194
27961
23022
13691
9370
22183
2480
6303
27058
4018
16943
16053
20168
10362
937
12116
18958
28694
6749
28360
18382
4468
2128
29608
32124
13144
25163
18672
5593
5785
15145
1638
29000
24206
22258
17341
20544
24082
22823
31812
4495
17281
32495
3202
7761
23306
212
8840
29635
18865
5146
7825
13579
28297
9341
2944
10007
6007
6547
24942
6850
6822
10090
17088
23898
21361
31605
29795
4498
5323
13965
12381
17749
20473
26967
23634
10907
19825
249
24218
5376
9631
25943
6847
23157
11806
30877
28283
27848
17342
21624
13823
10245
19179
28576
24083
23749
19511
31789
12404
25261
27495
25869
30812
23373
19648
17196
9369
28811
9211
16201
10528
99
15054
16274
7310
32274
29017
12205
31658
2369
30303
22646
5860
23277
5176
3771
12422
25303
3530
20285
2192
18870
17090
17029
8097
26471
25318
6078
11496
18821
3429
29277
2741
16829
15311
18025
30923
4247
31726
1572
26387
15690
10084
32651
31364
30370
7910
1144
6552
4652
3109
10711
4460
2483
31448
14820
5278
650
3362
17940
18386
15184
5001
13284
29444
32482
24629
19134
6595
5766
4779
18212
31953
32460
8053
22867
14580
4387
29280
15488
21227
13616
31494
28278
3984
22509
27875
9476
30419
21229
23381
21643
18233
6838
19192
20330
25753
5672
32024
42
13087
14980
4179
29968
617
8503
30315
5919
27110
7873
8875
23888
25938
16086
9387
21874
8054
15177
3443
13047
13979
29359
7585
25594
26513
21110
3138
22153
28227
26596
270
21883
6764
23458
11696
27583
32452
21502
16787
18148
12121
6495
18456
10682
17085
2686
11025
1923
13579
6374
7125
16883
15370
2890
31177
25262
20575
3857
15191
1374
11595
6800
7680
28115
3739
22755
8228
2915
5642
12043
21438
23817
21168
29543
14664
1160
25600
23479
24508
20196
17675
24631
18911
27989
10718
25256
27949
27512
22157
5612
2685
26438
27987
16116
29784
7566
26186
30468
13250
8879
24078
19807
24098
12716
21801
27270
25024
25653
3442
31928
9373
26231
2957
6325
9368
29230
21922
32412
16928
19413
19659
1551
14323
22336
13913
12318
23344
2287
1403
27156
26358
9119
19270
14975
9457
1042
32171
28977
30736
12421
24826
15435
16807
5603
1220
25057
21301
5639
21814
10994
1018
26046
3916
11846
19851
6155
1621
32141
14369
19676
16774
24952
31492
18987
23596
5446
26180
1953
5185
18253
17532
16473
24751
13750
5037
5202
31353
4902
29925
23645
29438
22204
16455
109
13897
20794
9165
21715
25539
22658
13037
21639
26654
22049
28810
22309
13857
16102
1163
16852
29555
27573
21132
18286
29267
32270
12215
32726
25923
19821
2021
9826
5200
1314
17759
6092
17112
12668
14356
25324
489
29027
16111
28383
30373
1234
27348
9309
19195
27114
6943
9684
15055
19662
12851
23690
27076
8603
17190
15422
13203
21269
28425
21812
13461
27511
16823
868
11068
7733
32459
15555
10987
8801
10850
4418
28291
27052
14455
21035
13675
27920
23712
8052
21442
22077
26629
18300
14457
6132
26875
19635
7768
1384
30311
3958
12475
918
26931
28673
5697
11526
15735
4536
18176
18182
16241
29215
21020
12838
9150
19006
26758
22841
10324
14696
29837
17283
23751
23004
30537
18448
26771
18818
12484
32497
8616
25697
10590
18355
4089
20079
31219
13482
13273
16344
32394
15927
9365
12831
7133
29446
21190
27467
12144
2112
24869
6832
6593
29966
12794
23843
3280
6239
5012
16679
24144
28716
29039
20292
124
3941
4222
23815
18674
28623
16644
24752
6010
22027
30636
28863
23243
11638
31798
626
13672
7835
19869
27566
6782
30724
27795
31277
31584
27743
304
31093
14584
8344
14139
23521
13244
9799
32445
20068
10983
21844
29652
23822
9836
32017
32564
27992
4484
21528
21844
9420
3022
6946
24287
18432
25888
11934
24001
14337
19776
29841
8251
