23836
2063
5978
21582
21422
8454
3174
14645
2451
6344
4159
26221
20254
11090
29977
22855
3109
5127
13535
1486
30979
30041
23112
2108
6484
30367
737
13928
21476
13973
26514
8727
6759
4820
22764
16142
15682
27213
10460
26319
3572
6416
17138
31135
20070
12320
6044
31327
3763
28313
9303
26962
5792
20066
23593
20094
8336
3881
18637
8316
242
17917
8153
22940
8727
30822
8600
10053
13566
7136
4987
23365
19594
25173
17842
29703
13209
9196
26074
14872
27341
28439
17482
13213
7026
3319
15195
24089
8597
13884
5642
26789
31769
4802
25301
27991
188
31641
20952
16785
18610
2914
328
2442
4334
16798
30414
3411
14259
23942
4841
4633
2191
3060
24509
3017
26278
30378
26348
16392
15665
10900
26741
5603
30301
2304
25116
14933
27922
11313
25969
23522
6773
27679
27410
1763
18375
1401
1403
773
4505
14517
1456
19607
23278
13895
16667
1110
14692
2269
13335
28747
7487
311
8942
13496
10948
19683
14358
28990
28881
19388
21276
15942
25767
24800
15110
29488
20770
28518
31710
7985
2213
13779
26543
23274
11001
31928
4462
24190
29948
20296
1566
19688
21315
11958
7491
927
23853
15112
5183
18920
1652
16207
6814
12073
3687
30190
24688
17126
24317
8667
3707
19426
20553
7917
19400
1366
13741
22837
17188
2970
22735
27499
15131
5455
17124
2645
31702
9463
9648
7691
21684
14678
6121
17000
14271
28489
31342
31876
15982
32136
4569
11477
22546
1310
8340
26095
6751
3403
9791
30728
30770
13641
26016
15625
19717
9018
12093
18078
11640
24484
19471
5696
32296
29288
6222
1074
6727
10390
23280
8660
32463
2399
23224
8063
19939
31192
25256
15122
22664
27913
31313
2459
13490
4822
24004
26626
21186
30417
5041
1761
23456
15048
23380
20990
28010
7406
7921
7673
30887
30418
23171
19584
23962
10572
9551
18873
23186
21239
6427
5637
25343
9759
29628
205
25867
9261
6260
30857
21155
30885
18729
27951
18976
26523
19038
4645
3742
11490
18924
287
6826
5126
15661
32439
6028
22649
29171
9860
25291
21599
20209
17053
22076
25731
6741
23676
19285
14348
15951
30928
12672
25331
8309
16825
17833
11319
27600
14292
7249
22281
7033
6168
20406
31316
21630
21532
8209
27856
451
6052
27457
8303
9893
17979
11763
19704
19244
16160
2987
11755
18243
24634
14269
13107
27540
25615
12893
6179
27842
1689
7500
15017
3566
28356
6290
31103
23382
15750
22262
2217
32287
9665
43
15290
22033
3661
16570
10444
17722
8011
14085
24494
10082
28942
22241
18585
8776
25488
26519
14578
32445
22081
20599
2264
30703
4807
21520
19400
10055
29973
12300
32030
30368
17420
1863
31005
30759
13362
26482
3223
11210
26057
24163
19682
12134
4605
17464
19577
1473
3315
5137
5024
29738
16188
13382
23283
4613
1761
15952
5269
27295
25565
27097
15843
14535
25417
7316
18560
20762
7328
24846
12164
24694
21690
19166
30374
30363
16349
7851
13528
27575
9036
27819
29389
20174
9642
12846
10247
22837
29856
15304
8866
21543
9124
3124
24668
5141
17735
14575
10298
542
4644
17935
32501
20172
18166
11219
10873
19984
29262
24133
13143
17171
21567
454
16407
31008
31271
4464
4725
28619
18206
12689
21744
23038
5250
27875
14413
11369
18701
31059
30212
12404
21091
15157
6384
6748
7188
8654
13709
4066
3928
24087
16071
30892
10888
5724
17590
19837
1709
7212
9677
9727
26647
8496
10892
10515
16294
5691
17407
12171
20778
30928
21610
31800
20939
3668
24922
2537
16653
24224
31798
1264
4079
15013
13003
16484
540
8269
7452
11032
11922
32112
21772
14158
20004
2897
18217
14116
6505
13942
15857
15283
32421
16817
12936
9912
1601
13768
9373
31049
2546
4439
26570
7552
12747
29275
12112
20794
2586
10608
6638
22587
20683
7789
15556
14196
13271
28394
2426
20696
9180
8138
2206
5094
19336
30432
19485
29384
5838
25149
31862
1870
12066
30720
7656
24538
4332
10816
17096
23432
19819
3728
28961
624
26262
5561
26854
24423
10948
8692
11984
8093
6939
14098
4871
23589
16383
15504
9304
22603
8894
6982
19100
14658
19292
5830
21176
23726
15977
10392
13094
15953
25089
1276
17144
16293
4920
10004
20812
24488
4299
6320
4251
27515
10755
32673
22627
22148
19650
9322
28195
4627
10915
11632
22171
29628
1161
1214
20576
5979
15144
31207
24311
14255
2031
16412
25870
3497
22522
23036
13900
11496
21914
20915
24252
816
9749
5558
26748
16316
15009
4763
10066
16217
15898
11592
14668
29712
2398
12843
21392
30936
27066
7779
9067
28845
2758
7048
22551
2659
2565
20206
8608
29715
28306
3532
29615
18187
9806
31487
4518
190
2443
30977
3962
20432
1292
4682
9362
14662
31584
3012
3254
21715
349
15203
19813
11603
32762
20350
32274
5230
22781
13247
9840
14493
21019
4776
3221
6110
4015
18539
18635
27726
16700
14754
4342
2240
9023
23001
30092
27814
26088
27376
25890
33
1068
21023
7575
20240
2377
23432
17528
1177
17723
10597
24773
16892
26250
17881
3875
24980
32550
20757
27445
10213
28430
9111
337
20211
2523
9422
15126
19238
26649
32
13378
2326
15178
22211
11487
18644
24780
14543
21471
5537
23201
3050
12875
18976
18603
11239
2183
14771
19992
9929
31220
3586
15732
30936
16341
11437
14424
27781
3488
23319
4672
15793
27591
12353
6084
3948
27720
21328
7277
12683
13956
8332
6241
27177
32058
15992
8876
4155
32546
18959
13614
17842
989
7636
30784
8293
18516
25915
8147
2532
12234
21619
2432
27883
22513
15850
24068
16765
2124
10042
22442
27673
9723
13899
29355
21287
31159
4411
2360
28448
26859
15523
24335
9313
4511
10815
26974
12763
10019
8666
5175
3561
1994
23549
14824
23910
23407
30843
1109
17390
501
13084
8502
32761
24911
22336
5217
5106
21029
9485
16600
31396
32260
9271
25110
10634
29120
2567
23761
29456
7841
2960
10026
806
16040
29542
30862
7758
16977
28948
8318
12068
13427
4154
4861
11397
26862
20836
3796
4396
18062
8204
5996
27667
4946
4450
17024
17575
25965
18692
5607
16167
11738
18066
4486
22775
13256
6182
14056
27466
16786
22538
5575
11685
19444
517
22107
22494
13714
31516
1658
8352
28069
15069
30322
13220
29840
8757
638
16138
19735
5673
7321
1580
24840
18975
8361
4024
16388
2255
25729
9739
18374
4906
3787
31437
12749
9476
21069
7799
18379
30520
16761
1722
25707
17492
26506
5365
27796
1432
24278
6409
26684
8129
6906
10255
18612
16523
1210
28997
160
1375
19517
25502
24556
14856
3283
6329
14194
18368
30427
31583
9348
4477
3816
21526
307
21951
31070
28165
8296
31228
15740
15046
26416
14394
17230
32314
24855
10878
28351
21844
20428
15001
31652
28522
5422
7385
18365
1550
30320
32201
28002
6939
18846
28299
7773
16161
23396
12918
7612
18212
17765
6389
10111
1842
16690
23589
29801
7811
3
32399
4597
21174
26276
27803
19797
15419
23127
31240
4498
30272
17185
8116
18784
26327
11939
25228
2077
6285
16144
1424
3903
17910
25676
10777
24004
26064
32715
7594
23487
5856
22921
18015
3022
32688
5193
13820
31949
4018
3414
19608
25191
8105
23967
25369
5251
18539
12573
5495
994
1926
18483
18090
5167
19401
22587
24015
3961
16481
18460
21965
21363
5293
1671
6081
15789
30969
5604
30724
25658
21629
28314
27949
15578
11314
15044
10889
22870
22782
408
1794
25491
17795
17900
25797
20973
22538
10585
23855
9272
28656
12318
24808
30545
9107
28962
13380
32114
5624
32344
9190
6722
31550
14142
20802
27401
24678
4024
10760
11365
29660
20931
31390
12806
32156
15703
26141
18421
2283
169
12756
11554
28270
364
1583
303
23384
19287
30567
8436
1680
24015
28749
7800
29186
31424
2214
22680
10901
3971
32660
24635
30334
32273
17822
32507
15655
9545
4930
2645
1824
11719
12115
29192
2004
21620
13852
12567
5912
13399
30040
22091
16079
5650
671
18386
2903
30475
30734
29564
5218
16683
1356
7994
2781
2420
16127
13549
27449
26076
17821
25265
725
26134
32123
26009
29175
16193
31871
24553
17302
23387
18298
15332
8554
8531
9754
10101
32412
16870
21611
24508
7269
32047
26014
20233
28065
13010
18084
4176
30235
15131
31041
9981
12350
14931
29964
9665
10369
26353
2420
28745
1428
17612
8536
16234
32377
32522
5102
27999
16393
27391
21214
31145
12790
11141
29810
8385
18722
25696
9205
16782
5607
6603
4442
7047
26315
16402
26079
3711
31171
9353
7298
5847
14496
28347
32467
30147
11924
20100
22583
17600
4363
4216
2176
2762
19875
14314
8002
579
2681
20975
51
28298
14808
8538
22368
13979
14022
25436
20135
13218
9841
7665
12334
28224
4909
6679
30180
31683
29859
24625
1157
22953
16233
26497
16448
31980
21107
32514
21362
25848
19402
19237
109
3092
22765
9795
5102
24732
16025
24995
16548
13291
23793
13025
23282
16963
26325
14138
32043
5119
13325
25045
25509
24005
26581
19378
13694
10801
3089
27050
17632
9571
15939
22137
31775
5066
27787
9872
10325
10554
10068
8005
5660
3074
7995
2696
16620
9064
4039
4438
12813
10495
30185
18753
8030
431
15303
18822
17264
2257
26464
15405
9095
21519
23808
4434
19168
6347
8510
8787
29546
8078
11854
1314
11119
11455
1537
18000
28183
15746
23195
27602
1866
1379
7879
4305
29489
13418
12808
8456
25226
30124
7890
28743
256
6374
21320
10404
12414
2878
8659
1239
15712
2148
8490
393
32504
20376
6302
29847
14304
20418
26093
8542
947
26035
18773
24683
9075
1030
26093
28712
15893
26936
22510
20795
24125
15717
22509
4985
31952
23857
28285
7000
5547
15696
21315
24810
14417
15757
28178
10073
28927
26732
13434
13079
16136
29604
25382
19037
9409
21917
25353
5279
10170
27323
11397
4385
205
19477
6455
11665
5458
27189
18382
6295
24470
23339
21051
6154
13323
30095
20247
28712
9665
3282
993
25737
19512
10083
273
25234
6486
16715
2472
20948
8479
20487
21272
17302
23508
1204
11214
16447
22327
5195
4638
28285
27322
29373
22436
5024
5574
28153
13993
1950
14839
13882
8047
31223
2767
13257
13690
4431
24861
14923
17170
2216
8905
4147
13040
24749
29766
15056
8492
15071
23800
23736
8807
11779
3983
6952
5542
12422
8888
25829
11500
30206
15377
23318
15966
3955
21600
27053
11060
11243
24721
17100
25163
2222
31478
3613
24057
5468
18877
7924
9368
28747
24678
19613
25045
21206
30169
24309
11438
26976
1765
7028
7796
22360
14019
10978
22682
29190
29390
10960
24665
6592
23149
9654
24238
26550
1301
15280
1291
15470
15738
30576
4222
13035
15559
27628
29500
10401
16168
8817
23035
22279
25403
10477
14484
3650
16724
13205
28415
20738
31406
21304
22163
16868
11602
32740
4907
4736
14564
3406
25983
14155
22472
18407
22945
1979
17999
5538
17259
5710
3597
7116
9599
15984
5649
15689
20456
29948
30217
24014
28246
21592
31168
19211
21366
19104
17612
22170
20139
29157
18650
21596
10916
14653
7619
6118
9453
31919
2428
13244
7851
22508
24677
5126
21191
5511
7200
30819
6405
20078
23961
19848
8178
32642
19444
4959
20517
27092
18249
26860
16916
14504
28494
19792
28139
2192
17148
9707
31377
24674
4621
32028
25558
15793
19428
116
18335
24659
9587
17470
24016
7110
9550
27812
3371
28454
30874
18098
20170
3012
10519
29610
14569
4560
2275
11802
30913
8919
1748
23165
14427
7808
14817
12672
1750
18175
28322
29422
8621
17456
19751
18788
32492
30628
13029
31189
23531
22562
26450
31666
10203
28047
10525
11661
19685
14696
30324
25865
3229
32398
4643
29134
2778
7441
30952
1828
32094
26373
15277
1360
16446
15331
6544
1279
28646
16686
30957
20886
9982
9919
21477
28213
23764
25067
14868
31996
14357
9760
14185
11157
871
12405
26093
6144
7745
31050
30107
6176
32326
28632
17690
20923
14893
5241
19914
7535
26868
19761
28239
29927
6839
2209
25837
10621
5274
7457
7297
8262
14306
11766
15258
409
30966
27577
19636
18365
20202
25765
10181
15626
22985
25186
23855
17067
28648
10286
24046
30145
28095
13302
15100
25269
26978
585
2471
30
25874
4840
6501
8315
7947
3859
25697
11013
13160
524
23297
7547
11977
17393
2739
23424
17598
20245
6455
29802
16089
19244
8015
22091
15746
455
32762
20788
8755
138
24487
26582
19678
32268
8895
28069
15149
32490
12703
9842
18261
9012
10472
25531
9056
21837
19827
21778
5928
4174
24383
28121
1500
10113
19106
24679
19200
4298
10492
19070
27054
9034
3585
5890
16776
4462
29245
5730
30369
21777
31280
29251
28517
13760
22027
29868
8726
10568
23849
13912
26473
15853
23029
22808
5443
18905
8039
20114
10241
16413
24
12011
14022
16817
8751
30094
17583
6002
7792
10150
20871
13097
12479
5431
14422
26949
9302
22171
26927
10539
2892
17117
25568
6573
6663
18718
29545
26171
27382
5078
11661
12693
31845
31959
31372
17484
26120
16965
10185
18511
2944
23983
11577
27845
6719
23409
20589
30761
28679
29089
21424
9638
21200
3370
12636
13521
16242
28579
8660
3884
266
29312
19992
31849
14732
9329
11318
17160
14034
19492
17469
408
11359
31917
22437
4892
11336
21524
20708
14135
29720
18306
27270
30025
28414
10611
30090
18753
13268
3034
2500
31639
7321
18343
5459
21058
9888
30775
2748
3447
17467
14553
13993
11626
7985
13954
13342
25660
31409
56
14974
16388
31897
18062
23614
21283
29507
28711
4772
6724
23396
22810
9330
24934
31771
5400
8937
6891
3731
513
27820
15433
22214
30782
13804
30662
17676
2359
17933
32645
21943
19223
4314
22170
22957
7655
25633
16565
4677
16084
16185
10505
9741
20223
2469
30069
4615
8173
15922
22107
3961
23136
18762
12521
27335
11507
1089
4017
26166
19628
9385
23353
32346
20240
16961
14537
8944
2870
13765
26935
2028
16799
32437
13931
30514
19756
4774
3114
17327
3449
5546
14876
20353
12396
17691
17403
5992
19271
14247
11422
14445
18081
4281
14213
25757
4152
17004
13038
4225
185
29054
20642
8725
16679
18617
26330
4817
21095
8115
10333
5025
28656
13671
22880
24786
24387
1851
14135
13291
766
10484
2516
8938
6074
7387
20877
21961
27001
9256
28930
25621
31124
18538
16818
545
24583
28538
2731
19853
2688
22802
8254
12802
6607
5612
27575
25147
7463
2004
7418
2251
16283
31608
3870
19225
11177
15915
31930
7335
15625
29337
27250
17861
27654
20586
26583
11508
18566
10649
10759
1218
7669
25237
9132
12568
321
30313
9456
30095
24921
12395
1361
10546
24525
614
4160
10782
25931
28857
27617
13127
24669
23026
26523
24118
17952
22228
13199
2240
12148
11871
3714
28595
2198
23481
9812
25857
5931
4114
3268
6584
26396
12871
17902
6432
21502
22665
4067
4015
15261
30296
31830
4336
29588
24523
768
8010
29531
14416
10386
5749
2098
2282
27380
830
6395
5050
9593
7307
19492
13630
2175
3917
590
1413
4194
26941
12154
658
11794
1489
25415
2692
20438
32211
6964
29847
18838
24395
8862
29682
3713
4121
7881
1035
19907
25568
779
15697
15996
8696
14562
26022
25463
31098
15984
1968
14555
13225
299
31660
24937
17034
15504
31739
17898
26781
15658
32278
7785
202
24813
21095
20240
27205
23555
19804
29661
21076
19423
10323
13553
23958
29843
30069
25909
200
4303
21077
2640
31181
4211
24089
9282
5029
6340
5019
9068
31351
17483
19267
26434
23681
14572
12757
262
27854
14701
6310
25489
26012
9760
31463
30982
31465
13386
9944
20462
29456
11579
24679
26257
32471
14543
11263
32260
19369
23184
6304
18579
17082
13861
26433
28428
29022
2955
22170
21983
16581
16132
18435
31642
28126
28154
1426
29092
8742
17301
21688
14514
27532
18130
19915
4801
19456
17044
13843
9624
27614
27495
10102
10718
430
22815
23888
32767
17409
4810
20592
29735
26958
30179
23477
25997
7307
18502
21639
23527
13192
22255
6000
29183
15381
9445
10146
8241
7190
2308
24406
30972
9181
26933
4354
19395
8179
18733
20123
12095
2809
19779
956
29620
25153
21595
17356
12398
3313
12875
7387
2368
29756
21091
20257
6833
24319
2550
1185
25146
11788
31479
8423
10172
3327
8846
2341
11572
13826
908
25538
641
22897
26835
16447
26670
19225
16889
9936
5288
31624
5326
13007
7175
266
23453
2730
8616
31156
16554
5492
23253
19310
2835
11019
17979
7754
31033
8798
1901
23362
8381
26943
7365
32672
3452
27366
29184
9284
30534
15100
4503
5429
16599
20964
24862
12253
7035
18037
2363
12023
30629
22302
23877
9069
19227
9006
30519
11091
1121
7126
19087
2160
15163
19323
26550
25845
3702
26497
3438
18922
20
13305
3383
4541
2273
2147
5272
27093
6833
6398
32491
30444
31667
4146
829
27295
26996
24670
25695
2223
30222
14235
9830
9282
3565
5624
2589
20158
306
32604
11652
31843
15255
32038
9101
32047
12771
17158
14807
10167
6772
2635
12584
31545
32470
17027
5211
1875
17955
32244
7553
29394
15793
9839
27918
4965
23337
9425
14247
30762
5879
20933
14784
2889
7274
22425
20721
19653
31102
11571
12968
29825
793
3588
2476
19607
31982
1341
30514
12127
6843
25085
18113
27413
5538
2581
28799
16666
18691
2869
19958
31514
27363
16540
4784
1105
5630
22231
18460
11108
6642
12691
31294
29446
5706
5763
11698
23262
462
22783
25881
21341
24943
21056
21260
27497
14942
26042
18183
20050
11816
25764
18007
5934
1033
26311
27305
17670
6459
13369
15333
1346
29870
7112
12358
17969
23001
21902
15898
9479
6494
24350
24550
12597
7667
23442
21835
17373
25820
4151
15127
21018
23257
24361
5177
14048
27964
2803
7366
13846
27482
3570
19126
3798
26441
22813
1181
28124
14751
21034
18228
633
31868
7324
14332
8093
16788
12085
25477
23897
11655
11851
4515
11671
6136
6866
23979
8006
4245
13535
5025
26573
17067
17518
8166
13828
718
14380
2761
11497
16526
18033
31632
4199
849
19156
12399
30240
30763
22189
24050
23569
26765
31155
25503
7836
3076
20216
29493
10729
27317
17013
11236
21056
5713
29252
27650
20462
5989
28412
7195
23319
981
12807
17270
16594
22486
13050
23739
20526
1069
27988
13705
28133
21518
26123
6485
32319
26801
23254
12707
803
1917
2807
9767
14566
24372
28362
17272
22976
14162
20477
31347
10298
17536
2484
849
32027
12951
639
21704
13844
32304
30697
26720
21352
22500
9547
17693
21649
31702
31778
22127
12878
1430
9554
7175
9243
12310
30355
5067
20967
28605
2512
16480
1667
2675
1918
22639
11752
21384
26234
8592
30993
13229
2419
29219
17908
22625
25190
14591
18098
25959
19706
21503
28581
210
28319
5005
17419
27295
3723
27543
30518
124
16600
27671
21211
9586
25897
18139
7236
11911
22779
21665
30903
22609
19755
18851
4570
5729
32712
18359
4160
16395
709
6917
4754
30731
28826
3809
1180
4966
10716
18993
24972
27041
29177
4651
29120
14234
30240
27094
8418
11254
21960
13874
6279
31154
32285
8355
25271
12201
4678
13956
16976
16796
27165
13643
16471
18211
16116
26670
21662
19610
11319
5074
6078
18749
18315
930
9738
14364
17020
23608
3642
29035
28200
31565
22780
28114
20883
10897
26119
14283
7109
23349
4992
13735
23435
3323
23292
5605
3551
12922
25036
4481
17871
28639
4924
28845
8243
609
22457
23201
18042
9816
7734
31853
29971
4958
15227
12417
16625
21419
27151
29414
12032
7028
8380
24296
26266
17191
16062
17741
4657
21363
19098
30132
13108
31609
20736
330
13938
12266
18222
18086
6733
13658
15034
30182
4192
25029
2576
12514
32121
22760
9822
29900
4016
29974
999
23194
1181
14426
2255
2108
32284
26935
1742
5468
5015
8248
21554
21070
18775
3178
8598
31450
13635
5314
23286
9982
12535
26801
29179
17220
13084
21074
29512
1491
5167
7917
8456
30568
6356
25903
28943
26272
14199
27858
31087
15298
14024
25160
8286
13919
9071
15225
31619
12314
5362
4167
2926
2980
18127
30172
8550
29249
8343
24289
1028
28251
28397
24038
14396
30234
15989
16282
8259
3222
15641
22938
28299
10445
12880
18902
14560
22203
12413
12357
22294
32454
29052
29417
30454
14904
6464
31653
7411
8661
15722
5521
27542
20667
4656
16249
15005
1963
27134
24846
946
14695
6708
11491
2796
6810
17470
19542
23033
14909
4861
27978
15217
12479
2853
23458
31553
17992
1830
30139
479
14211
6965
1362
7048
31005
9430
16856
32428
16766
25468
31776
7003
11288
19151
9441
23060
25978
29428
26713
3824
726
26421
6756
16541
26938
27600
16877
18728
585
20132
22091
26749
21993
684
6476
3916
8021
27923
30318
27817
30372
4134
11489
2743
25517
25758
26440
27726
2419
10308
23765
13954
26247
10999
16742
20818
3138
9869
19806
17494
3346
14880
10467
1283
31638
25622
22832
1922
8287
6970
8725
31983
1270
7039
16365
18758
9896
14258
30811
8067
6311
8064
23365
20186
8339
13885
1529
6735
26492
5139
1008
1261
30305
24436
25947
16682
24930
752
19338
17564
4148
28314
16034
18
968
21215
25337
10687
14733
24940
24122
2190
18473
15627
3798
3980
16280
11574
16397
4538
15458
14134
17828
26184
11661
28319
7340
2176
23358
23543
1641
808
14887
28598
15972
632
29163
11613
16462
8687
27429
1238
3957
28919
32220
10929
2728
1028
30254
23861
29042
11983
11480
6947
12288
1407
23735
24766
9584
1971
5571
26044
2612
14650
15957
29071
22415
31027
20517
32589
32221
30385
4419
707
11173
20430
18830
21297
16820
6275
28894
32420
25527
30335
16775
3158
25511
10361
32691
3229
17612
3851
29071
20784
22848
4843
6192
24395
15826
26453
55
766
30384
30145
20087
10759
167
29731
3717
21722
32667
4138
15122
9286
14880
10731
32300
8927
13310
14526
16074
2677
19603
26295
28280
6188
16937
328
13747
30770
6180
2133
32745
31127
870
6875
20231
12948
14047
32170
7639
30962
21442
13064
10220
27801
26946
17890
8851
26137
1178
31447
1435
4219
21663
7643
19591
2002
17336
9475
212
29156
8970
21297
6827
5362
4344
14996
28457
10841
24907
29119
26922
8843
30598
29635
30077
17269
23011
20246
20776
18949
12702
12233
24097
2497
4026
8938
27947
23208
15786
254
15938
26805
5248
11727
30584
12508
6795
15743
15735
13916
29062
266
16654
25373
17080
14007
2163
24203
9222
15865
14184
23546
8975
15081
32342
32645
5811
23486
13776
7206
9784
15212
31553
28471
2273
11467
12044
24269
20000
15464
27208
24561
2853
585
29549
30718
4364
20035
5026
7270
27464
10519
29007
11329
25742
28962
142
26208
31511
27721
1089
16540
12288
684
4931
3844
25646
24625
14256
18387
7940
12932
6077
1242
22486
9381
5028
30293
30792
6442
27567
17743
14784
13236
23547
4353
28428
3003
12149
179
16714
31075
7875
9590
4576
3546
10178
20928
29585
28549
22902
25044
3183
19105
1638
575
17186
24620
18316
24849
22856
8440
3681
12880
23474
16271
19040
11240
10736
426
12840
32356
19181
19459
28165
18161
9724
4235
206
14597
16097
5243
21416
25726
10925
5344
19137
28222
3908
19115
11730
24599
25243
12848
19177
2731
21639
507
20028
427
31317
627
25084
5488
12269
30355
9374
8284
32614
2810
29155
9411
22462
25895
28295
30582
19832
27057
2612
26181
19639
8987
22146
16243
20363
4085
28455
14746
9314
1675
6022
29193
8044
3312
30118
28913
8938
15250
14041
19284
12255
26328
11761
32
9546
14829
18032
14718
27621
21474
24345
23934
11870
4938
19598
24411
21041
6502
833
21160
15423
32732
32073
22535
8636
9496
13470
15457
3622
31576
7522
21113
30686
1868
25624
23231
16706
20529
20513
12353
20134
17326
7248
5081
2424
21984
11169
29298
1197
2699
20213
28474
24979
3029
8655
13538
11727
9861
3319
9544
30901
20974
28563
31245
22707
18271
16237
8223
12923
2170
16992
20038
16169
24323
4427
5641
25665
540
12219
29024
18144
16732
10234
26229
15756
15514
17356
1304
4100
16140
3385
13300
14267
28459
176
29606
32559
22036
2490
18730
14632
5462
196
32750
30653
15286
13671
25901
13106
28772
5596
496
21580
928
23993
9088
5578
16918
8014
4151
29933
8224
2112
2232
10798
22501
19631
10825
32622
17338
19750
30346
31041
10343
16769
7355
23341
18071
18969
1934
21987
31055
17581
21717
14151
24262
27272
20764
21887
574
26118
27889
17176
28850
31023
32276
22486
10135
28207
24753
898
32002
30900
18388
10006
32234
10277
11940
9275
20417
5872
21145
8116
1692
30755
24879
8063
10416
12591
11967
6284
28936
30778
15522
1699
28853
2729
12561
445
17972
4414
27200
22484
3912
18510
28049
31271
31066
25835
29162
7543
7680
27992
26636
11135
18487
8706
14077
6259
24993
27879
30002
12081
27595
23765
1091
16528
2411
18413
19970
7269
16665
1309
16195
17676
9825
12462
18893
4035
24786
11211
32760
12529
28312
15997
1868
27994
2656
20189
13365
12683
31510
12456
14729
19126
15721
21095
25249
29391
13940
30731
9197
30036
6145
13547
18334
22380
31888
20008
23982
14046
2493
14414
5918
20049
3628
10196
16443
1859
24169
12746
26095
27588
20767
8949
14981
30791
5877
4611
22867
31644
31145
21083
9893
28996
15286
23516
19048
10532
12796
6362
24612
2917
32625
20960
32327
5193
12154
29390
2302
7674
24882
20119
28161
1320
3185
3220
4918
32365
690
26345
19995
12760
4843
8684
30457
1119
31472
26456
4949
5861
19692
21258
19775
14107
28503
20634
9156
3031
21192
18178
26090
22948
10184
17714
23516
4764
3408
12676
29255
28961
3943
4310
31164
3337
12209
3018
14584
6554
27197
5427
26210
2136
25180
10854
4613
339
9740
25476
13259
28486
29451
15849
17491
18228
10935
5159
4987
18159
