24523
11290
17373
13786
16629
20601
24769
23013
11081
26152
25147
27562
20410
17146
24786
1864
3139
904
17349
9298
25905
8606
8378
15134
14354
664
22971
15167
17575
10474
3301
29749
28220
13534
22756
6283
23207
8329
2024
4125
24239
8979
7826
10964
25033
3393
23572
20399
5239
12306
2261
32415
28830
7997
26079
18752
11701
205
9795
15825
23351
15991
14730
17139
20200
7670
6494
21180
1699
6356
5822
15680
5165
10276
31675
18673
24961
4643
6132
11490
4422
15831
14010
7230
5508
3957
27760
21009
13799
30042
8044
14034
21798
8230
9679
12491
14011
10624
15811
25201
27017
25095
19590
15448
19079
13271
11053
16394
6912
31159
16356
8817
28882
6193
2265
16311
29954
4734
12407
1298
17820
22584
13961
24446
6641
7407
8308
7603
11044
22666
13365
22194
27727
31395
10993
11268
12094
27494
18049
5156
2284
18620
20669
14920
20306
12064
20885
16744
28641
20491
16020
26103
8205
11599
10660
3560
15183
9784
17380
28512
23593
22182
29273
28897
30183
2653
24166
10090
24792
11546
32509
28630
25415
22962
25735
32719
22932
5641
24398
22293
8527
11662
24380
7849
1008
1348
2305
25543
16851
2401
4035
9598
6686
7223
24428
19774
15111
15612
18216
6885
29646
21909
29432
7
17699
9973
13358
27497
24008
29320
9993
20994
26229
14679
17945
14550
20368
10230
1451
2666
31483
21603
13932
19048
14087
27474
9741
9550
29531
20445
20369
7778
14019
12380
11889
16070
31955
10176
28034
2140
22192
13853
22833
5817
25135
18708
17277
12288
17680
4936
24408
896
20327
10777
25435
28738
27632
19302
5783
15676
7070
26299
9520
1058
24716
10539
4548
24543
13992
29095
12572
3002
14869
18016
10324
2613
3318
6595
7969
3816
28126
11228
10109
14098
22401
15573
20925
4894
14650
14440
17826
6140
4538
13772
31866
22797
23321
1010
10000
9110
14053
7247
3871
30357
19098
23597
21500
9411
20568
2808
30359
7942
12336
21670
7344
29230
27335
17065
25723
31555
11270
19103
14891
27404
19629
2407
29979
9031
5247
6468
29830
17005
3986
4927
27668
18169
19005
568
4463
15871
5977
17037
24119
29501
31492
18756
11903
12494
11015
19106
5617
2489
21746
13834
21330
29740
9378
9395
11908
9886
1927
27788
20714
27819
17075
8340
2610
29842
30227
32436
1818
27734
13123
31195
6884
25591
24702
3963
8457
7863
2012
25861
32074
28172
12801
11417
10525
11661
5563
8159
26097
17462
14643
8703
25019
18952
8608
20951
401
843
9577
13542
7177
20219
19805
29832
8504
11198
23329
14483
26996
4469
12406
19784
5099
23506
13036
20494
2940
3416
31756
18528
18567
18062
28251
4809
29397
32475
22356
3397
15130
11727
24876
9205
22943
4322
3223
14256
17118
24284
2722
5595
15315
8325
12166
25737
14211
7425
21819
3995
16887
12212
30156
5699
23926
30634
30837
14229
28266
17056
4196
19072
23713
5771
12585
23444
28782
4128
21084
10663
29971
1962
29249
31182
25734
9375
16039
21662
3442
18506
180
7354
2553
23198
4954
7549
30650
3196
14075
18971
5088
20879
29055
23147
15706
7556
8139
26450
198
21492
17058
2577
16597
15124
4807
3269
19660
7510
26607
20963
27707
28794
15511
10454
7395
22594
4638
14549
14627
8108
31539
1891
30605
1433
4641
27173
26461
31560
24706
5702
31496
14964
26057
1556
23132
21886
21512
20091
7343
15636
32492
26850
20043
10459
9482
8629
17706
29451
19474
31454
22212
28255
22276
19748
31129
22521
13207
28172
12379
27862
12144
12268
22375
24440
10157
12956
15123
1763
25448
28844
22335
12503
3959
10811
7387
25087
30218
20697
32069
25455
28874
2537
13787
11778
30991
23473
31215
5977
10566
30989
20270
5622
4843
1865
13685
3746
17015
4786
10649
15727
4652
7017
17703
16232
935
22035
18469
24985
23321
899
27990
21147
1434
5575
19269
2619
28565
13192
10810
19664
24877
11259
11714
26485
11318
22351
29832
22160
31880
28709
14514
14208
28992
28242
26448
12548
18907
29327
5044
19974
15196
9147
273
32355
19163
31050
4664
24177
3198
17518
4967
5352
9140
31022
32610
25028
31991
4759
28335
23553
11061
5271
10119
20223
4160
20213
3627
32686
5047
22143
16752
17884
2309
24454
30301
28227
10811
1766
14128
26214
26316
20869
17705
27854
9290
9695
2831
31557
23965
32307
25275
16732
21022
19727
29875
1171
24829
841
8621
17138
11635
15569
19459
9217
22754
29610
15854
425
16136
6032
7321
19417
14313
28746
11539
30649
9301
31090
1530
23422
3587
491
8367
20309
11571
4232
29631
9534
18781
10690
25574
4417
24440
28271
3032
21791
10267
26213
2961
9761
22519
26034
3232
1151
362
20726
26074
5402
28104
21458
31790
31599
10956
23643
26329
9421
8555
20741
25857
17004
18769
1431
3408
5265
15909
22396
29233
8309
7352
15852
29355
11943
14965
10155
18415
4175
20411
15984
28340
6437
30072
30402
15796
15301
5478
16731
14398
32679
6629
26773
30553
20251
9456
13255
20505
8430
32169
20037
15894
15363
25586
27262
18824
22282
21337
27036
25509
12977
21896
12160
18622
22825
2609
5943
11968
23690
26859
12967
29711
19777
702
20301
12611
7478
11992
4278
12060
17235
30721
14829
26401
5914
24820
24518
4576
7958
12462
20267
5054
23235
30856
18351
3923
16639
2882
16819
29355
4106
18207
9518
13827
10999
9641
12626
25438
28062
2651
17823
15347
20588
16224
30092
22906
29673
2871
3147
10444
23623
9665
27346
10699
1504
10007
536
16797
12991
12800
2955
14367
25781
8290
21067
2564
4355
26196
32366
15090
17012
17207
28992
32147
31837
2991
462
13110
31966
25016
29884
4968
21708
2060
21639
1937
21271
31240
24408
955
28750
10964
26602
21650
8270
8766
25982
28142
22185
18676
9539
14689
20932
19619
25682
21896
21204
11476
24265
29152
6918
32027
14687
16583
26460
24720
2877
26617
9975
12727
25997
9469
27004
2787
20570
31085
29268
31223
13430
13549
26297
32397
21967
22019
19208
21343
27972
8964
5205
14313
23898
18424
25393
11939
8317
5574
25560
20811
14785
22073
6999
3082
31060
13444
4834
14999
16538
2961
31230
3181
18572
15555
9683
11659
17461
15899
5260
22279
12718
16703
2165
24700
25491
14474
21125
18691
6340
28828
31654
14372
3820
25747
29106
29948
9149
27525
3601
22220
26653
14854
24219
8487
5734
30152
1132
25197
14067
4592
7133
24128
31553
4247
21117
29645
9902
303
24245
14814
9654
2352
5557
12547
24331
4269
11888
32548
13191
731
2512
4269
28388
24704
22135
30772
9544
30399
641
17997
6718
19016
3836
15341
31625
22974
3053
2712
17636
8201
27706
7977
7693
31236
23311
16763
5497
30191
8857
25803
26212
16789
11610
29181
12592
5501
26561
6970
12128
26736
20452
18690
7524
19612
7895
7567
18198
10434
18637
6814
8476
2821
5156
13230
26777
20328
32444
32156
14613
7391
25543
4915
12552
9226
20854
21111
18064
6208
30611
4687
6994
10081
22785
27075
21033
3697
11821
1142
11237
31344
15300
5297
14442
27096
15378
11773
20068
17134
15512
29142
30947
14120
8597
21103
6557
16969
25346
19702
7882
7987
31292
1317
995
4024
3275
9819
8778
7358
16741
6267
23365
22430
12334
21876
21673
30209
24987
20958
13979
32448
22224
4121
6237
25775
3173
26662
29866
2631
8272
17710
20217
22194
22939
2886
7532
27458
32672
24507
9226
6679
7201
17581
5439
5813
23726
5435
4116
3499
31662
7822
10734
4564
24945
10204
31172
8934
29891
4792
15402
5975
31821
30910
22984
19594
25091
15269
16737
23546
13632
11594
8029
17706
6798
5854
31033
15050
8480
17394
29586
28115
28593
6378
24169
1575
29886
8178
16922
31401
30337
15737
16833
6873
20628
6837
19290
9708
19164
22111
18231
17262
4383
20821
2122
22985
16361
8581
31877
26174
29437
26458
30453
15018
1415
30485
23686
29428
7762
23959
25242
4809
21093
7681
20110
3721
6978
29766
7524
16285
20366
11210
14610
173
14424
13380
3244
22954
15502
9057
14820
3359
15063
18558
29680
10010
257
27926
17816
10173
21905
13940
21552
31798
19990
28944
7611
28850
25040
11258
12686
32488
27540
15369
559
16444
25127
27128
40
23581
25049
19141
4872
14024
29261
10073
5025
22733
26435
32298
14425
31511
28564
14436
8848
27465
27960
20167
5338
1279
24431
22543
12981
7000
3509
10816
27113
3236
29144
17859
22396
8615
6695
25885
25741
6176
15381
5374
9731
2894
8291
20543
18791
22628
21391
17941
22976
19767
24119
4954
26188
20625
16160
19290
28002
9583
27681
18577
29360
14237
1959
5620
9551
16313
13941
9477
31767
31236
11289
2168
22669
13592
8956
3042
12437
31344
20069
11806
2373
805
87
13232
26819
20243
22488
14345
24029
7660
6197
9682
19948
28485
27875
18768
25499
12341
3013
19943
11534
22301
4752
5834
31940
14608
9350
6745
28300
13367
12830
26697
8059
4479
740
13007
9405
7448
5229
10283
2995
4828
15058
2668
23414
7169
9502
16767
11570
23073
13608
15838
9892
14609
4108
7324
26837
13752
28889
8574
7795
2655
3142
17131
31303
13053
17128
7547
9763
24812
2970
18991
4030
29394
29322
21939
6101
1553
18814
20430
11067
25147
1630
26188
18099
23263
25485
32125
31094
30837
1264
826
12407
11833
21161
8514
13895
20044
13574
16500
19698
2664
3695
8197
30918
26194
8261
1514
19523
19691
8813
7315
6246
10985
11409
19804
15760
6560
30522
9500
23253
28004
18182
20076
20118
29860
30321
29768
26999
9912
4836
20262
32339
32118
19830
22149
28534
11537
23767
4827
23548
26408
6328
29455
13676
13997
28311
17393
27054
24881
22863
11215
30323
13570
30644
26249
19991
25833
7527
19790
16683
3046
28836
11292
30581
32673
32535
26565
10483
1871
26257
353
5097
29766
21778
32027
21793
16628
20234
15185
13359
18964
17747
4766
9844
12285
3063
22954
31514
25188
23176
10428
24113
8777
18271
16558
6931
24767
22280
1499
27088
17556
4471
5709
2207
30605
14147
24271
7974
8526
17939
6225
1763
7191
12162
29109
25583
6974
16650
22353
27981
23876
31765
14536
4205
5526
14501
10505
13569
24533
4292
3659
10613
2766
19148
24659
142
6364
8275
7001
23752
20289
24083
19752
22486
25583
28386
25795
794
4657
28353
19855
19910
16789
15600
1583
14718
5233
25081
3981
21792
16797
19026
28890
27470
17747
32739
12584
18199
26592
1594
11631
8290
5177
5726
12593
3553
32207
16064
25819
1331
15276
26717
1943
14711
24772
2741
4315
29641
16117
29877
2122
5565
19361
23121
18183
15625
32647
4206
11676
12701
29532
6531
4740
10209
27483
23153
26120
5929
18759
27256
9986
23081
1654
10128
27169
5664
24489
7000
28242
25457
11502
17112
30601
25735
3275
27744
18683
13286
12639
29152
30213
7208
2483
20391
30085
14646
28016
19158
32272
16298
19
31814
26396
25936
8172
7629
15665
21791
24058
12683
3296
15054
24883
6714
32664
2240
32555
2171
1896
6360
15822
7542
19772
17979
16115
8965
31825
19951
4654
11190
8353
16312
19850
29905
30306
4757
17549
5829
20780
16909
20992
7180
5329
21760
15625
14978
10576
32721
13236
30415
5718
25843
31870
16797
21661
12685
24249
2492
7773
8748
29187
20047
7301
30090
9552
23173
22827
27631
32413
21228
31010
8348
18392
15052
20781
32299
24889
10565
19013
28553
14559
284
20621
24094
4024
30752
17057
32465
17323
32219
500
31989
9902
5811
10672
27412
16160
6193
17002
31885
19361
28973
12499
22238
17144
10991
5881
9985
17725
19834
7352
17507
2610
7699
22755
2340
32597
24430
10201
1022
25089
15773
12552
3146
2178
8091
26570
1414
6845
31142
31163
28379
1262
26297
26044
28496
14387
27152
9695
28469
24420
22063
21934
26898
6475
659
9049
29087
17777
25272
14598
7239
15222
31580
9624
27376
24304
31784
3762
30417
27925
29963
7864
31593
30666
7300
24650
22579
20828
24797
18871
8790
15122
29927
24990
3205
21575
12294
4587
25365
29671
25240
12117
2302
19601
21881
16342
14516
10418
30610
28014
6355
15664
28572
354
29066
13852
4100
28252
30373
28245
8203
5604
12236
779
10727
5781
17741
28074
15520
3494
16919
21243
2527
26741
27153
25952
4621
20731
12727
13911
30893
28495
25246
30315
30250
5879
3303
18099
25375
21116
15156
19052
27731
13908
10802
20621
31134
26066
30878
18473
3704
21523
9155
15775
21556
26814
22511
4243
10379
29040
9505
9204
9155
9928
17504
20790
1643
6531
9139
547
13110
20232
23119
9550
25420
26174
31913
18929
9082
1028
24228
23865
29688
14688
1399
19858
30464
4185
30880
15612
9742
26725
12383
4409
19090
13603
29566
24818
24540
22111
12731
20615
18911
25165
8160
16521
20583
17351
825
31815
21925
24813
11386
9629
23263
18175
1569
4277
27320
12688
24565
27351
16206
32352
3284
22861
32009
30274
25094
27604
13992
127
7145
26968
7332
2750
30477
23143
23659
5555
28144
25908
25089
4066
14654
7137
1121
842
1077
4756
11026
8484
15594
32472
10181
14302
27769
11274
10505
7797
16492
16991
6155
6799
7615
29578
28861
28545
2042
10805
17204
2978
8415
14651
4815
20704
11715
2197
8611
5217
11836
23729
5877
22872
31249
21861
28990
12966
9311
24739
26456
5403
13793
27969
3216
6652
13894
12460
18945
15874
10168
6614
1837
31419
28229
27112
11865
11834
12347
1556
4163
29953
9581
21161
3481
13516
3802
16559
9272
32160
27067
19620
5784
25491
9202
11008
24989
15997
30036
30810
12652
27771
17866
28204
14288
3331
19023
13467
9793
25665
323
15255
27068
12640
2335
18186
9274
22286
14521
26431
21838
23993
17941
14033
9571
26242
10721
31757
9931
19400
28481
1489
550
19049
2840
13921
25728
22321
31790
29691
20129
25697
22179
139
10263
24275
31488
672
15312
16842
19015
29522
9789
15878
20943
13295
6941
26975
31654
5488
31191
7864
3277
16856
27664
18082
11979
12172
26246
21687
12097
31738
21955
18313
29045
25253
6196
4346
12696
10705
15043
32127
4306
27785
17560
17106
9523
25032
7010
3458
29229
4015
10330
1612
28992
4436
15000
8041
12037
10161
16673
14217
6331
3749
31856
8377
31447
23634
28976
27136
3028
21423
25467
1306
14383
457
3753
19924
6540
6210
23086
24013
31277
5624
26582
11391
8055
2660
8362
20609
19503
17153
4665
4341
4064
25793
13416
26687
11174
3184
20132
17093
25434
26641
27474
10492
21685
7157
11281
28508
5201
16191
13625
3389
12961
21739
567
8094
31421
27800
10917
1819
253
22266
13211
11585
4222
28901
11109
25193
28930
12724
9651
22944
30985
17212
25856
25818
16712
16631
1428
19756
14867
15469
2760
28330
16
14595
25852
32235
1591
18813
30210
7921
3589
2578
20063
16528
1172
19194
12415
8701
2857
31371
4735
16010
17925
17689
6918
1957
16686
32393
20042
30478
12745
2885
5930
4853
17329
18872
19252
7421
1167
675
20619
21799
13851
17840
7782
14958
28492
25467
4086
26237
20951
3314
22656
23322
15590
10145
20173
16883
19557
10943
5950
7862
24208
22173
20185
21544
14368
7108
17071
3816
28290
7377
25213
9040
1030
8452
22502
4635
18821
17144
30538
18849
19738
25787
14452
9906
7949
28761
31376
17747
23120
15459
23200
12930
17262
1078
30898
5619
29288
4357
17267
5893
29897
10621
8439
28538
4763
29885
31067
10461
10804
29432
30974
15015
20712
9508
22516
31840
7463
29026
10481
4861
7258
5746
32459
2228
15443
26042
32672
24665
20016
19409
32765
25783
30841
17133
13542
13243
31493
14541
30640
588
32057
18709
28361
12063
10416
9226
5076
9242
11700
13166
22713
6185
21087
4177
25348
13080
4471
17965
26903
6287
18731
1356
12592
24411
15489
26079
6272
31958
23436
2893
26737
13575
9667
6205
13492
25023
1984
15652
10101
29593
10477
32742
10091
9531
18855
25394
9866
19562
27937
844
7417
24060
15316
27360
19807
16285
26447
21847
18606
11601
3016
26142
31525
13708
17051
17078
20055
12429
10451
29045
6915
13676
32400
9422
30817
13415
12828
21478
19467
16782
14599
31197
28568
21630
15182
1171
9571
12019
32333
1706
21918
5413
31195
21692
28223
28244
1338
27555
10594
3979
31725
18945
6859
22457
9482
14567
31617
5473
27288
2799
21300
29481
16910
19431
30462
27751
25900
14111
21871
19199
20497
5533
21603
3034
15240
22316
22214
2775
14981
20083
32553
30232
223
6733
29146
2537
29646
5847
11332
22476
12693
6095
17484
7717
22102
18487
5130
8318
14716
7084
21933
28894
17381
18933
11312
18877
14564
25763
2931
10575
25461
2434
20043
28898
9117
10418
26622
29592
26011
12828
15219
27911
8958
13564
2490
21658
18120
22557
8550
29083
4588
24087
21434
18239
13135
23664
10966
10676
28859
2207
26172
18710
11150
14233
741
24801
5457
21828
21877
4509
12686
16228
29844
14579
19035
12368
17121
17760
7654
20076
22924
31169
22041
29845
15994
22868
14838
21247
703
194
20960
30058
23743
21724
38
31736
13054
17115
20197
20400
15466
30225
24219
30073
22161
11750
3629
25807
3991
31255
19827
19165
10347
15012
2356
2851
14461
6988
21311
3948
21040
7375
3174
8594
324
13267
27134
17848
17007
8029
9119
7249
4524
29721
19881
21863
14602
18932
20852
9975
24072
18646
10915
29227
18749
26230
3260
16937
26011
30356
24916
8930
23608
5977
9883
5671
16576
21035
15168
22095
20598
6419
29126
15850
552
7308
1164
11617
24238
28265
16457
7505
9439
221
2
7127
9473
28167
4730
22599
11562
29182
1681
3084
10668
7741
26432
29899
26739
17684
26410
27925
28900
246
1870
32112
553
20013
20832
10109
31266
32407
1727
4063
30598
2303
27072
18371
19372
12565
31886
12965
8861
14169
4226
27396
27455
23568
18850
4902
2456
16781
4141
12958
4833
3364
9312
3722
21396
29353
9414
32440
13356
3174
15067
128
27889
15001
2652
21447
12017
26738
28661
29628
25845
30557
15520
18167
12546
8214
23013
21865
9180
10314
27602
14111
26538
4479
9425
13587
29257
4536
28260
2853
8194
21691
13435
13407
12914
24524
6338
30927
30639
308
15757
15090
26703
3287
16025
27430
25038
18453
22915
17112
32277
20345
6486
11011
19546
27552
18640
25084
19302
16967
6011
367
4142
27191
5421
20977
21074
22893
10427
4853
1239
8221
2848
16033
11784
22259
21827
29045
14132
1972
16791
3055
2801
23673
9817
3493
26740
32652
3291
11533
4342
1273
30928
23589
5259
20266
18640
27833
1384
28061
27490
397
14901
19903
30526
13422
14481
8031
19744
293
16487
7153
20112
20873
15947
16766
28492
10404
18455
5617
13393
25019
5085
24022
14839
18614
20089
14067
1916
3194
2291
21382
2630
32567
31538
24022
7895
1871
23772
19230
2617
20411
12480
21837
26512
31786
21037
5675
3345
17297
2167
2668
3402
31837
25875
31002
27917
12696
5564
6013
23109
27565
7284
10710
13695
31908
23492
11881
4860
6236
25979
6840
10645
10057
14805
15942
6278
25578
23789
12227
21323
20152
18078
7401
10079
18278
6622
21181
15378
2253
2709
8796
2749
24229
27875
27391
21358
27988
8416
22045
6854
27283
31543
164
30770
7489
9987
4686
5563
5040
19551
28055
7361
24690
145
3390
3353
31645
19991
18867
31148
5574
32320
27768
18805
9656
5362
12143
17217
1463
18650
23087
12644
16520
11255
26856
4100
1852
17573
6996
14347
11992
5935
9234
26689
28971
22540
20016
6117
32327
7817
13805
25973
18805
23303
30737
9724
29701
16486
28590
11165
25117
32686
31522
26210
105
17835
29846
20802
8727
6983
19187
27818
12477
25686
17839
1628
18363
26351
17950
18882
6771
2237
4630
22543
7883
13109
25450
10150
30558
6666
4250
28737
13862
7988
30072
3793
10483
6009
14723
23773
11490
4189
31037
7283
21166
2801
9599
22004
24168
3025
25827
32033
12732
6826
23598
12227
12355
3448
28418
26857
12333
29147
27020
6915
25200
1701
2046
22279
10808
22025
4907
23510
27418
4964
30831
7143
224
29877
22959
14955
19765
23628
9654
21229
11126
23351
14400
18607
14271
27472
12898
29084
4507
5782
7035
28379
31601
21884
7177
11768
6583
4108
29599
30407
26846
9758
15018
12699
23388
26458
32089
7398
26707
18135
21996
13259
16699
32065
6488
14666
15171
26083
31453
12090
29193
20894
3598
7724
29248
6608
18271
25380
4911
18291
1143
23967
17004
7808
28901
28217
7226
21128
22156
14539
514
22154
6235
4980
31212
1976
24756
7538
26350
22936
16626
4139
30708
29024
1120
5269
26406
25348
18898
11511
15847
6020
15587
1767
8779
8412
29990
15643
25664
16526
16009
3287
29590
25761
20506
5503
30501
2536
9116
21884
30901
20306
1272
3159
8975
11844
13569
29160
1776
10646
31549
27948
16587
20848
10263
10367
4024
27634
25446
1505
8183
12933
9377
32047
6064
21052
17251
12603
12687
108
30847
31150
1021
23880
23483
29297
29434
20804
24782
20505
29761
5442
20811
5921
19627
23377
21719
1123
5447
20395
30193
14206
29942
16779
29213
29775
22860
29630
27465
29330
5554
3053
22859
965
12846
1769
31369
3338
12271
13412
28182
13115
10475
27705
30970
7233
9052
29131
17863
15254
31194
23897
581
7485
17333
20664
918
24553
14834
14153
20607
12090
3086
16788
11746
3896
19663
909
400
5213
1483
27947
22283
3177
6500
14908
23040
2968
25717
19804
29787
16005
1448
12625
7181
12259
14808
22402
9518
24789
12310
6388
23907
7629
28129
8708
2155
29546
12098
3296
4178
31689
27506
8396
16192
31308
1272
8066
10464
24974
25446
26897
3116
1667
3057
18645
13792
13641
11625
154
29786
31873
19749
1148
21205
12943
9165
9395
30189
15404
31891
27460
23784
18853
21550
31659
12420
25232
13277
7792
8593
23777
21569
14050
2161
18900
11046
24087
17296
27455
10853
7557
30645
11497
1273
21712
11645
15787
620
16205
25953
24505
23203
26402
4935
31943
16559
29156
24815
7564
20215
29420
23411
8191
432
16736
19315
11128
12254
8265
10291
6526
5804
32183
9479
18832
894
3035
8555
17355
11100
26849
17527
19607
13369
11347
15122
6389
20520
10968
31161
22415
1695
4203
1463
14488
17889
17475
23869
26276
20268
3240
14123
3246
800
21407
22708
20035
27888
1436
28324
24780
2289
12967
4951
31857
10059
23038
32610
29567
14888
17518
24418
3533
6487
10703
20258
23436
2454
3376
13051
31217
2923
13273
4089
15465
1625
29118
16101
311
2612
19985
3531
7646
26175
18622
7714
2970
2830
17246
12925
11372
13359
16490
8650
1089
27507
31968
1856
13664
5264
23005
13760
24316
29978
15081
14749
9372
17928
29966
14981
30570
18509
32472
20343
3245
8625
15860
24827
26670
18743
7105
9063
10859
16236
4254
15002
21128
11792
24963
8441
8788
20843
3760
16322
1750
19188
2429
17149
27959
13817
16720
11786
4090
6511
8891
19249
6585
3948
16711
28912
8545
23671
2233
32249
16360
5960
15615
28885
22504
7631
1611
2906
31476
13132
24315
25706
16085
2559
30818
14751
12703
30618
17179
11483
23647
2543
5910
7974
28241
29165
5361
20069
26215
14690
2716
5858
5056
26949
25013
11000
13968
2863
30280
16822
803
3550
2332
4214
29119
14945
3261
3950
6
8384
10104
32099
27570
17364
9390
554
1518
23075
17334
21688
29962
11608
20977
28594
21727
1650
9485
11933
7327
4750
556
8073
16654
30151
20698
14299
5117
21732
23245
20793
12899
17309
21436
20335
13812
11403
29782
6101
6455
31778
2497
27206
8006
2524
18157
28212
19655
19543
26613
15726
25316
20429
2699
19013
18955
655
30400
5637
14904
11383
26218
27517
30606
19836
1024
28782
31340
836
7535
1197
21371
6642
28065
32049
27344
23724
25357
20907
12467
27137
25004
15672
690
9660
10403
25134
25152
32552
25415
20770
2400
24395
17563
7872
31533
18399
4004
896
24067
24256
21098
19651
28337
24244
20379
15754
31808
16180
12960
7056
9342
11261
10448
22660
4746
13258
14863
30834
357
25177
11591
13805
14652
11837
31321
26873
12102
17699
1451
16118
15804
16921
9265
8413
32209
6422
12594
13668
31445
11497
27469
333
4615
1739
8278
29192
15296
17570
18343
21589
4966
24517
2818
19728
28652
12668
18880
17282
5676
2368
20621
27228
18864
9135
7458
3115
21615
18388
4339
14991
18582
15907
27119
25732
12362
4952
23157
27251
12659
22105
21603
28094
13071
14193
13698
9478
32710
29691
4207
4666
27955
6349
402
23399
29185
8014
19314
13944
6023
23361
32641
10685
10244
1767
4113
963
25442
24004
2640
7967
4962
27503
1843
21554
14860
21805
31617
14724
22367
734
32592
3057
15100
26638
25140
4228
3977
18120
31685
4542
5256
23334
3723
45
6441
22415
5928
204
5721
18298
18437
18336
7723
3544
21031
8576
12872
23215
11711
17903
6723
2516
27036
11956
16294
18451
20638
21634
4390
2547
20658
7433
32588
7992
24757
15165
27973
23073
17268
23444
31559
13211
17812
13688
10578
8981
5889
3680
16268
3894
30446
3724
6358
28411
21895
26413
4183
30567
4702
2248
30024
22728
22336
16564
24852
32505
2453
30740
8585
13177
22236
20642
11719
24610
14993
27300
27626
2439
18136
7320
20659
13103
22077
2977
15358
24863
25714
9706
14055
10464
29681
7587
4341
31559
16455
11562
23448
25650
856
6657
12815
22294
23670
26631
21874
28377
16588
21503
21112
11269
14027
10655
29239
1777
25230
27358
25402
5671
18719
9579
15796
4353
817
5976
1612
15488
11232
32039
21636
7426
1934
2122
12880
26786
23469
3756
2011
15456
16665
16763
10526
6958
30110
32390
9432
30649
6197
27251
13709
11670
5603
5624
19727
25865
24213
6138
30652
10662
7514
10246
28487
1640
29130
4282
21234
3683
29671
25060
16475
16643
15272
274
469
31917
18451
15115
17398
31431
26403
15020
10918
29382
13209
