32752
9108
20264
30857
9199
4761
18297
22948
23918
557
29371
14208
21858
8282
32325
4447
14480
5648
32038
7470
3031
11874
25101
23350
29657
30897
1541
22720
17856
6210
7773
9045
15121
15034
30632
32019
17176
26673
8613
7325
7893
5676
16114
12706
3719
5965
4744
24083
4374
13595
13325
30499
9373
20069
4195
7989
29136
20805
20615
2666
4387
24074
24175
21582
29322
4040
28730
27385
14734
32441
11053
17457
30116
23509
22514
18310
12677
26761
21295
9007
4357
4279
30834
1475
3034
29955
12352
4150
23400
31438
555
27757
7544
6949
24200
169
5735
15258
1336
9529
13066
27635
18572
28053
17807
11079
22744
15296
180
22703
19846
2332
20877
31725
14286
20602
27976
22902
4780
13307
13050
10490
11917
4684
13964
847
7931
22686
11927
23134
29354
14073
15223
29196
9872
29693
29020
12288
19887
22984
25992
77
14464
9727
32601
6984
2726
12371
30274
4684
24673
7442
9208
9293
2259
26855
12821
31845
9472
14842
27445
26663
20649
31155
13505
6618
22168
8093
9185
7028
15178
31774
31751
23111
20432
30338
15347
6878
17739
19931
13704
32750
12303
8770
21274
9048
26143
9049
1816
18731
8734
3323
10664
12173
4662
23970
1857
6534
27750
19403
10332
26479
17246
5290
15071
15169
6287
15157
8600
21424
3386
9547
3710
14228
27747
8348
8689
22937
21519
30954
2861
14765
26820
17487
8326
4986
7217
2943
25981
10490
29363
27823
23117
3312
25941
3742
7618
22442
4178
25294
5275
20314
22956
9528
507
5787
27588
26141
3021
6642
32682
28690
4739
6928
25048
25095
21437
19353
10511
13510
974
11690
24830
26355
8306
8800
19357
28082
7276
12565
32033
15185
9278
13653
26650
8885
26182
32098
18315
22294
18823
1769
9761
18808
3836
5690
19296
16831
19786
29358
17325
26640
18307
16141
11056
30656
13927
4833
9194
1745
31064
7202
16579
6844
8858
7326
7427
18423
11432
1340
25142
18953
27125
14651
18962
28238
30931
16259
5749
26928
4215
7202
32009
19265
16588
22860
7872
13516
4415
26708
22554
5502
15303
13041
14368
14898
31454
13124
8994
12449
2486
1824
1838
31851
25891
22043
17312
13394
25013
14382
24779
14177
10150
1293
6091
25640
12546
27589
19676
26995
24893
14360
14276
3886
26539
13488
17525
3433
31455
22078
9883
11171
18764
17159
18383
31595
19358
10156
25450
28916
1814
31728
18268
22235
7704
13045
8999
22801
14323
2442
8765
24754
8600
25745
1002
20023
15672
31098
16379
24386
7400
17067
30565
21979
13262
19116
11819
13239
32501
3245
27594
894
16155
5017
17183
22365
27906
14884
8735
21891
21300
17764
20151
13574
21833
20971
27165
29574
28918
1336
17166
21975
25154
5206
5846
13683
23302
13367
23629
32135
18871
22863
3905
31735
11681
21353
907
10953
25199
23627
17510
15606
21022
31582
21402
12409
23294
444
6534
3827
4713
16962
15299
10256
25265
30045
31612
4637
3981
31045
17830
9426
22800
8915
19636
9547
18875
23721
6923
4558
32061
20849
19944
27130
17478
4173
21440
3482
2774
17600
12768
9628
16385
30688
28960
1136
22915
19251
12539
1304
1567
14344
9668
27836
24860
14532
19374
28345
16346
18343
13239
18241
29148
22145
11816
1957
23371
19456
21747
8301
1996
15572
31622
21934
3610
8823
8113
10382
19156
465
30258
1159
28681
29439
392
7188
9256
9690
17372
31417
13898
26486
17147
27333
23887
14544
5448
28711
17920
18760
25878
14726
8001
30796
5040
112
24746
26680
8867
23536
16726
15968
7791
23054
19233
30398
3568
8945
29799
16630
3769
31744
11128
18147
5352
26375
5178
15075
27548
27356
902
4695
24364
2291
22411
7038
8107
31900
26752
12219
18318
30235
6027
6357
22977
19632
3750
11119
23155
1854
19351
25866
9433
29556
2632
13575
9789
17565
20664
14910
2198
827
10791
27477
3686
9203
10839
29473
12104
22919
1076
14488
8967
19839
32348
9797
4652
13730
23110
24277
15098
7486
29726
7290
12070
1092
23787
27605
32614
11736
27890
7461
18971
24615
1526
8137
7724
30254
26711
23087
23629
2809
6790
8967
13464
19149
19266
1702
17661
11506
11868
23365
24683
4587
19194
3850
104
23451
12565
1372
20714
22833
3127
7238
20573
12617
19983
25874
31723
12264
18404
23838
30055
417
28932
14520
18800
8236
29472
12926
193
15907
10148
9611
12507
31320
4753
15588
13646
16474
10385
12316
28950
27902
30335
21812
3628
17592
25080
23213
10901
3334
14
26324
30143
3300
18012
14315
27775
11541
18157
21408
19906
23383
21099
709
2151
13495
31307
9294
18920
17732
28303
24446
31276
18912
9988
24666
30616
8506
28885
28483
6967
1578
13323
6327
29345
21648
5568
15952
22247
17170
24772
25330
31825
13512
10713
23452
19845
18408
29773
8997
21655
2320
30621
31455
14236
8440
9112
16955
13920
24996
17191
4267
23002
2362
8712
32522
31063
13464
30760
14429
19497
24737
26169
28471
4321
22635
31500
10385
8269
4988
6074
22250
2053
10841
12842
10502
31245
31542
20770
25805
7921
4315
15724
14327
24123
15389
20460
9398
28355
15935
2613
5308
12588
21127
1634
23902
30823
5121
25469
604
32177
8542
1657
11406
1405
5261
11805
665
3240
22898
29848
28023
25296
14698
26768
15882
12168
7743
19767
17003
3951
4585
30574
8109
31048
21159
29085
24388
31821
22585
12358
1940
14605
15672
11010
19707
5270
27167
15728
16722
945
3935
2644
31421
7481
4382
23899
10174
17707
31457
10074
3953
8563
3283
19886
29375
6443
10686
8240
26339
7074
2300
32217
26217
20785
31263
19115
8176
688
31900
14377
8453
31163
19057
24806
5909
17152
9304
11957
20812
31575
24873
31158
25067
23639
11673
16064
27007
29899
4438
5957
19306
19287
11358
8235
30203
26318
22175
25431
2795
435
15726
14267
787
1864
26619
27990
21793
29971
21833
29257
11223
21608
19458
9114
11935
8719
23408
24225
8761
4978
26101
15081
14816
21516
4145
1192
26919
10467
26800
18966
15625
31704
29129
32468
25189
22037
31396
29395
16535
4171
29661
10320
5760
27325
17456
18293
8769
8295
15155
15227
2967
12501
28299
16049
7559
26619
19705
24792
28379
26798
30571
7207
28661
23763
8099
68
28918
686
32417
29198
1777
19250
1139
14943
15850
16293
7052
19893
12889
28955
31395
24930
375
22260
2103
2409
8611
20533
5628
1259
24263
3093
11270
25775
12906
12781
27592
13585
32317
25433
30154
21694
20284
10204
520
27160
6950
26662
27780
3802
30347
6717
31142
28724
785
16100
13206
21957
21286
16541
11212
14007
30251
28289
30788
275
25439
6182
23685
5833
13542
2832
2023
21106
17738
32751
8657
5246
25432
2509
31716
29934
22625
24554
12570
17267
17991
24055
29074
5043
14212
9704
3887
31842
7455
4191
15059
9689
7315
31035
3531
29305
7359
24583
15653
14529
32437
22907
18593
13613
32321
16670
2096
5285
17522
3637
29443
12624
14855
3989
21534
5855
23635
32148
3851
18253
8584
32554
7991
20114
25449
31256
30688
30459
24933
18084
28673
14380
16407
20227
20866
1363
4606
17416
5377
24298
26785
6905
18785
30615
25559
26526
17006
30190
10787
22402
17587
7984
3113
25230
9329
9678
17969
24395
7265
20270
13744
7432
8498
30673
28692
13529
32327
4178
32089
27667
22066
32557
3348
29526
18275
23256
10754
16856
28494
3780
22561
12045
5649
6812
10876
20232
4203
5546
31868
19737
25178
10929
5606
23586
7716
14096
8696
3747
11208
489
19799
10307
24091
10375
15037
3420
21789
19466
16278
22546
13711
3070
3352
29004
23247
19151
19351
11396
1902
4444
928
6864
23879
18758
16139
12699
21067
23673
32579
28352
18274
5865
11340
32477
28466
20812
12867
31021
9613
10623
9193
6009
14194
6824
11422
16154
27974
7709
4555
14373
4820
7831
10351
5464
25274
5971
30623
29960
10930
190
9209
29097
1202
10627
14259
29773
26259
18031
984
15131
669
31616
906
9103
18574
25244
28510
27721
3494
8837
17733
24120
14739
12472
13746
21736
19154
2289
17034
20456
1997
15992
4443
28497
9266
18812
15532
26500
12293
26700
3302
31632
12262
28577
15527
15247
19936
2230
5219
16482
4881
8071
12337
25921
15457
20419
28207
21323
14573
20758
32388
14939
31725
10674
23262
11970
22125
14153
17029
660
21696
9248
4842
26122
32368
25055
1791
19571
8562
821
11172
5141
409
17871
10542
20170
14361
4438
18767
1323
30032
7405
15449
13773
31521
22308
32245
8916
30752
3594
24895
10342
30887
4361
24826
2137
29671
30848
29668
5699
12927
4837
31683
17887
5824
28234
5857
4497
15439
28890
2545
12212
24226
5311
21594
6210
3992
14301
19485
32428
16151
4417
17658
18602
26061
12775
17042
5800
6162
32345
24881
10356
14904
4334
26307
3835
32429
1994
11446
15277
31683
23182
10726
3473
8408
24840
22447
26781
23610
16998
23184
18792
24219
28100
5369
17916
16000
18332
16718
14090
24076
32762
10596
30955
5313
1395
22714
26669
23430
3553
4502
20081
31195
19846
59
4179
19936
8046
30189
10197
7064
18380
143
4479
26089
26301
31489
28352
16127
16436
1014
19657
2532
14146
27337
14128
10003
21108
621
15545
31792
7792
32099
24231
11816
6967
996
13420
24975
20063
17428
13977
11537
27705
10400
25933
4751
6416
15200
27155
24816
25854
32209
21287
28442
29334
1133
29165
13630
477
13529
25277
31177
30213
18013
19023
23168
29920
9566
1192
8429
8677
32007
25189
4391
18923
17708
18331
31102
12527
31220
25749
6908
8845
29895
10733
8291
29079
27076
25689
17877
20742
8776
19804
26277
28095
3942
16633
8754
23045
30397
13629
20858
2595
1390
30211
14710
26535
13978
2516
32389
20899
31456
9596
24740
7928
9030
437
28221
27521
27976
12918
19283
30035
32013
19894
20830
17955
17085
21368
4147
10259
25405
31388
25464
16234
9740
6550
3570
14383
30640
22615
8560
26834
19054
29020
11065
6471
4636
28167
14861
21229
14965
31037
21931
10432
9398
29968
30829
4631
30244
17792
4250
10627
14668
13368
10859
11047
12441
18991
9906
1917
21176
10658
3741
11618
3441
2517
23122
3372
5181
30867
20369
25987
30234
30511
25098
12078
11448
777
15374
12148
21385
3111
29377
327
532
20609
16540
24889
29274
13112
3573
863
26643
10714
25216
29938
30494
17035
25333
20152
27852
16079
14361
6532
14239
32509
11748
13208
7342
14182
6111
9894
1254
1727
22089
1227
27689
13695
9833
31811
8406
28694
11546
17212
2871
24130
19814
30589
18150
21392
7553
29999
7122
7655
29756
20294
3624
23422
4632
1221
14482
14782
1835
3476
2112
4231
22915
15224
3303
3527
29750
3561
9354
15297
28132
8048
26980
25819
23245
26762
7097
29653
13157
3420
14620
4971
12886
4650
31115
7807
11575
7747
18962
19107
5613
17924
25536
10335
28522
13688
30153
18556
20865
32158
10101
5649
18397
23432
27033
24741
28439
4066
22705
2854
25362
24718
3616
27863
14024
18561
30289
6619
3836
9024
31923
20348
13671
7845
31780
3288
18836
3069
19380
11348
2043
24560
25082
30769
30318
14964
3369
20381
20726
31699
24567
29466
9131
25221
10115
9951
2135
1048
12684
30984
18484
15509
29048
24421
11042
28725
22492
15337
29608
935
1001
17458
26244
13320
23306
28644
31735
23510
6622
1286
28689
25888
14627
31105
3371
13010
6792
4318
44
25308
17084
13392
21868
27778
21924
14836
12692
26016
25874
12719
10418
17233
31156
22452
20269
12638
3953
17329
10480
16948
25326
19825
32146
28687
1518
23360
22356
21858
2696
16947
21745
19770
6438
31088
29716
12359
15615
11131
17199
989
20156
31510
24380
30500
24112
24524
11207
16637
23906
3817
26551
17003
23666
20351
22632
1506
28288
28452
14688
19409
16464
6876
19954
21935
17651
8232
9904
5804
13022
32521
8717
1550
10196
22760
22554
32691
12767
12534
9236
18014
21707
9401
25393
22321
22987
27858
22463
32635
19473
152
9227
17873
6585
24806
27187
6883
13474
13528
31245
17435
13220
19360
12672
12020
29600
12395
20878
23413
28779
1736
22343
9715
21270
13319
14184
24900
8883
17712
1533
23071
31795
28187
12838
11799
28039
21581
28094
20715
14257
24029
14275
6549
31751
29653
25843
23723
5400
28206
3296
12294
2985
21834
27050
31104
11867
4602
12552
4031
17205
2996
13208
2069
6287
21630
19661
22101
21026
30029
16324
11754
23264
24645
14503
5790
5277
17821
30166
30022
23449
24983
31156
14489
4618
17779
13307
25238
23040
16725
17962
12812
27948
21207
1100
18321
2415
15195
5104
7882
14357
24631
13921
27022
1718
4238
18002
16710
30834
23876
32477
1563
28461
31338
27219
9569
22410
8447
10155
16363
18860
13193
6615
3376
3085
6216
1127
32050
10929
9034
3709
28793
16535
24482
7079
9914
6603
6910
21436
30670
5620
2234
7079
14932
14012
7007
26276
8107
9187
8433
3312
14718
18055
31537
25128
10544
28327
25395
15770
7816
31593
19473
5317
17150
25429
13118
19723
9783
22756
6067
28439
28922
12258
31390
21930
23952
7256
5160
9966
15109
12013
19914
28434
4630
16585
8543
23478
7349
20395
9106
10075
6592
6333
2088
29924
10575
28651
13717
28020
1583
25335
13352
398
27314
15328
6389
19199
25149
7302
10354
14462
22984
25489
4619
9238
11561
5427
25919
9835
1762
2777
24400
6141
25515
7345
6048
10171
26867
5633
13443
4395
8072
10592
10184
29915
11517
18677
6109
18161
28884
1003
31360
6223
22452
15546
20783
31133
26185
30761
23449
22998
5379
1659
9328
25465
17844
9860
23786
2938
2271
28055
10705
7573
23194
5626
25321
28719
2243
13063
5071
8306
20331
30549
113
12118
7599
20209
5487
7047
20788
10526
26255
9320
12607
9199
22233
19993
31893
24435
16254
2452
26940
5754
4834
31741
25832
7651
14551
2949
29761
17447
49
27559
30473
21848
2218
30673
25282
19448
23038
23206
5019
22726
15266
28160
29487
23997
30748
11407
29418
27146
1430
9963
24270
15904
5999
31518
24007
10563
29550
21322
11803
9988
28553
30570
30184
1765
16994
15369
31363
9350
22227
13320
21820
3456
24010
27919
2829
25107
9332
5095
23956
7678
6028
7950
14628
7430
25274
7948
20752
11228
12518
8350
21653
27252
22362
26718
14704
4346
5545
516
17202
23078
28417
31803
3579
32192
28173
22478
16432
28198
14760
3003
15952
419
18627
7726
6784
4602
27175
27509
10116
8380
9880
21878
25708
8587
25337
28427
7261
6040
6875
25589
14387
30960
24806
28469
28644
30367
3267
8810
8940
26970
30523
4985
7403
28402
7491
14172
22488
20023
30033
19442
14466
20453
9795
27852
19431
15303
14677
24809
32477
29958
32728
31158
23397
8150
25562
8173
8651
14156
32352
22892
9102
4626
25841
21541
22355
12102
6189
6925
22461
10231
9796
22974
9310
22369
23924
12981
7454
15227
22003
14367
22937
24205
17842
5271
8785
15734
19382
16945
18403
21900
21820
25745
22041
30469
9215
580
29888
3397
17773
13233
13681
30580
21223
3907
553
20574
3085
27300
14454
15927
28616
333
8052
8970
8444
1296
24464
28729
24114
29547
20693
31
5462
1508
11291
4079
10733
3117
19883
15409
18990
15179
31677
7455
21747
10702
20339
2258
31435
7469
11764
30547
8993
3527
23025
22060
6318
24126
828
19756
5729
21761
15834
19198
16611
30618
7603
3442
32082
32304
17412
29886
28127
29019
30419
15979
10716
27080
29336
3318
1473
283
10302
16750
5064
10757
15739
25361
18605
12503
21208
11565
843
23310
20802
16600
5152
20095
17692
22994
24417
26943
11287
10511
12770
5169
19754
27559
2333
13536
7010
10192
19694
16130
12812
28343
28782
11571
10536
22607
14063
6449
21882
23489
18448
5620
31740
533
30765
25870
18250
1544
20646
11954
32586
15502
29419
10862
18431
10401
4209
5239
5341
7702
16765
28426
23530
5401
27022
20723
18401
11753
7186
24639
21654
10995
6495
20063
31027
5965
19218
20767
8668
15050
7919
6776
21308
31619
507
7495
17918
7415
24736
25084
25688
21751
21096
2855
4089
23140
17447
5432
31757
15615
2972
32086
5698
4039
17437
18940
3344
6579
6871
24030
11445
4864
5456
31167
12907
8067
27337
8559
15370
2293
20753
3682
29563
11260
22749
12264
1964
12293
14758
11425
17822
11770
22827
6349
24568
12678
22492
26742
28306
9263
12847
14863
8527
31230
18264
419
6874
5126
16661
19152
18826
7159
13196
4408
14930
4707
3223
29200
24590
29564
25882
5204
18265
16957
612
12167
18874
28198
11342
31793
13194
24941
1663
21164
10744
21477
8498
25424
12509
26742
6507
8771
5758
9498
9376
31089
3070
27556
2807
32120
22093
10445
22139
3913
23018
14421
29855
9195
2157
6052
16543
31827
26669
32598
7925
21509
22811
19159
21324
976
12009
31862
29220
30955
11572
341
29656
15897
9110
2786
32199
13657
24492
1705
5381
615
21284
3919
15269
5988
30000
23976
8366
8376
28673
17990
4890
24700
771
26233
18311
22388
31097
28173
18815
15311
11259
17462
22777
10445
7473
27455
30222
29409
32675
3394
7869
1975
744
14978
7147
5320
27340
31067
23495
4301
1280
29250
15664
2303
18700
17893
31251
5554
31885
18591
12847
11393
13236
26829
31196
31209
11693
9471
18429
11846
4039
28506
6075
1067
7171
3194
1921
12045
29330
9648
461
15653
24903
27565
23911
1766
18857
27967
15954
18842
7655
15651
29625
2379
13075
20769
25229
30740
31190
15766
18004
10166
1157
16187
2541
1373
8122
21478
13036
20015
17767
8335
31810
8060
20179
32194
7072
2024
19902
11565
26431
23492
24145
4778
6527
15279
24010
32016
20102
31690
9687
23989
8876
18071
5033
17922
10381
26939
17044
8932
21109
5823
27632
14408
6957
14899
19641
17399
9475
10566
21301
2745
31811
11005
25362
3323
8728
30533
15952
24858
21723
30980
21311
20979
28883
21415
18591
25761
24831
25660
29543
8866
28674
6867
18726
5131
28296
13852
17965
31405
3526
16249
32160
28741
20345
8398
11303
11731
22934
29391
4610
32327
8963
21468
6062
12338
22951
7719
26885
20190
20512
25894
24530
20836
18729
14741
4584
27423
27777
14895
4756
22993
20560
19589
298
18642
31163
887
14982
8166
27161
30461
21454
18699
1804
8473
8065
28109
11853
6509
2803
5616
12708
9179
10475
10994
1150
29510
22264
2812
12140
24847
4863
10087
10530
23220
7155
26700
22675
22151
24938
384
9623
28134
29050
21230
538
9117
13095
13727
27376
7253
32343
8562
21962
31919
4456
31962
21367
11310
25218
1950
17639
28255
17914
13919
4700
31504
10458
10267
8738
24863
12975
24122
16142
4200
26703
2509
9329
30639
11693
2245
21710
1390
20301
7631
27942
31235
30799
1539
8755
16273
27974
14872
10679
11704
13959
18568
23160
2656
25674
15364
30557
21252
22876
6561
25568
5521
24358
4720
14657
17070
32238
29299
8982
29000
24013
9423
16705
30817
17761
6733
4272
26135
4085
6434
2780
20346
31562
13656
8281
2143
16832
20611
5151
27850
12351
24730
19828
22554
32310
23782
1940
7214
2675
8603
10664
9449
18045
639
20232
27626
30369
16279
16955
15525
32667
14354
4447
30202
26364
12679
18815
5676
28843
15727
19449
13501
21315
18880
25624
18354
6600
16065
27005
15174
23779
18243
17243
3816
15548
28999
3124
5288
9207
29016
30537
19467
11977
18282
20753
29684
29012
19007
13785
31911
28231
19576
30699
13268
31686
18722
2713
9095
6548
6165
3602
24390
3144
12474
2082
20490
2902
11637
19596
22948
27923
2842
22006
14259
18358
22180
13219
11464
14526
2659
2934
23374
28956
23734
31002
21244
17875
3444
29063
2484
7125
28151
4132
21701
32062
19614
31044
7028
17849
21819
30515
28553
11266
7585
29171
30396
22240
14328
21203
32434
32709
25473
21881
25310
10760
3837
14382
18356
11595
30490
10336
12674
12707
29088
9540
24833
15493
28749
10468
9129
23436
11231
31203
14631
18283
10154
22642
31905
3817
25780
134
21196
6790
12781
29010
23675
1104
31276
16286
13300
17370
20620
30842
25036
6868
10292
21961
21469
28069
5401
26979
16142
3353
13182
11918
28563
10416
12844
13515
4832
21816
26908
21840
5761
13508
5110
2420
29373
3299
21494
31873
14328
14429
23419
22092
21069
31753
18461
12575
3944
23128
17354
597
12903
5766
19652
5808
10607
6001
19115
32137
6246
19123
5781
32348
11379
17458
12645
20301
14115
23930
4562
8428
2373
18216
1306
31048
12688
3254
11948
17209
26693
30721
23139
29584
10956
12733
25374
27081
8612
505
20493
10476
16665
8611
31801
17888
9675
28811
13805
29605
23215
3122
18944
15948
23205
22644
3479
18932
1633
14497
26570
30151
3705
11362
12111
6720
32715
16820
5281
30849
26662
23869
14811
8348
25186
28052
29696
19875
25611
2079
9616
20016
11922
20755
19905
18533
12495
9856
30194
2150
8096
30901
16249
20216
22832
2489
7087
30100
22947
29843
8381
32331
17572
23716
32268
5786
28767
20383
1003
16572
416
24071
540
10945
21440
28209
24446
11980
568
31120
31926
31382
4342
20026
6979
3277
30749
16422
15212
2430
5831
17278
5546
3903
26202
27087
26320
15750
6242
13059
8921
950
32171
13971
10603
14991
26587
3131
10145
22745
9782
27549
24424
24373
618
23753
13920
19980
16116
28841
15633
1207
27259
14271
18316
16415
7956
6174
3340
25841
7711
8795
19844
31355
11616
9097
11847
1751
24704
17312
15081
18784
18719
14249
29964
14179
20572
13975
27570
501
14872
32636
3827
27978
14453
20118
27980
21451
29581
13117
13293
18550
32539
31558
24229
15243
29373
7333
27380
24618
29837
3105
9796
8341
10823
17680
29765
31353
32141
14417
20370
8758
29345
19088
2659
22647
860
18775
27970
5321
26146
17564
22213
20
204
12726
8788
19587
28957
21053
7537
31060
3518
6073
31868
29897
4561
12304
18934
13957
20761
12051
12984
15418
19790
26253
9095
22858
18483
7849
30797
10187
31854
9915
15336
31516
32208
16907
2283
30667
21790
22872
28572
10053
12852
30384
14857
1267
28289
10157
18045
30970
24422
7316
26559
12023
4046
6697
2546
27960
8068
17279
7148
26579
31517
3329
3894
3723
16871
19732
14002
23714
32678
23120
20884
26680
8599
12672
31720
3791
32226
1208
7253
22124
4136
23172
4099
18940
17898
2073
28077
29805
10818
11961
14106
6831
15351
5932
11955
20406
1279
4071
26520
7290
933
17017
23102
1252
539
28876
18617
16935
20568
26471
109
20630
15341
23933
7616
2452
11506
29318
28292
31212
28029
17656
27375
23500
4199
19526
11511
11987
1084
23303
23926
1158
9643
17157
26402
12812
3905
22671
24588
4931
4704
13868
6306
30096
522
5564
26810
9871
13347
23921
32482
15405
32426
17001
742
23142
9044
10828
9005
11111
15507
21342
14538
18035
12813
10162
24140
18246
19249
699
15540
30064
6330
3550
18149
27342
21102
28032
2275
21749
9448
9183
7845
21232
21331
25921
31727
10533
97
2533
28057
10135
32755
29029
4864
30329
6182
11875
13518
14038
4466
10192
31241
24717
20216
419
12508
20357
32224
6766
28503
4952
29610
20589
10439
24119
11909
27598
3428
10881
10088
25442
4097
19395
28203
7472
27887
9155
7704
20623
7314
4351
15278
970
28574
3357
32019
16602
30803
10465
3885
9125
28361
30617
7623
9166
13901
21146
29382
3416
14249
27417
15661
13052
4842
21660
30041
26612
28334
20380
24642
14769
4982
25508
9318
8380
31751
9377
30130
14394
9398
6793
28045
24088
9506
15372
24677
253
15968
13512
20593
21005
11833
23200
15460
31809
23632
22019
24639
30959
11292
4057
27637
23416
11507
4854
13968
148
23839
21309
15963
27732
10601
12641
16319
20611
29091
7235
9575
12166
2761
31640
5738
1298
5004
30505
24508
28096
24194
29952
3119
20615
13902
19790
21024
26327
10116
30222
20812
7838
3379
8430
15246
12091
1405
23251
30645
9600
4867
7646
26771
27761
8952
24025
9982
8331
26041
16057
18755
19974
23281
22928
4021
18659
26363
17816
19549
28542
27876
25041
28481
27788
6249
20050
17524
10186
7513
8392
24463
10588
22595
32056
14700
17037
16416
28808
10786
28824
25047
4472
8039
2920
14434
30496
20675
25120
20121
17289
6768
14969
15891
28585
10011
8842
19235
32304
19378
6022
1533
9106
12413
24412
15433
1682
22212
10207
15768
1119
16118
19376
16922
5678
20195
5105
6946
21453
26125
16695
9307
29799
25424
12542
11908
1489
11539
31798
16479
8417
23484
23711
25477
8739
19769
28344
24267
32711
30714
28532
16485
18543
1779
16960
11757
19677
26119
9650
9201
15001
32690
4398
21235
14881
10797
19417
18499
23994
27602
1917
14046
24860
11047
29468
1569
27568
21401
3065
25722
24347
5415
6753
95
9175
1116
16816
21214
25664
5463
13310
17053
26619
21686
7575
6848
2255
1006
30723
10750
31449
1220
939
3785
13980
28048
12796
21640
19944
11605
27082
31921
25389
20335
9880
7266
22580
9627
18543
6102
27208
3961
539
23912
30908
22925
29982
20052
5575
30433
10587
3850
29167
12042
25858
16215
177
14777
6199
29870
3649
31229
3935
32282
17087
22423
1438
25685
7129
24981
18878
3531
25824
23633
27658
13885
5272
2421
15486
22059
17851
16481
1617
7063
7201
32191
1359
5209
796
29444
17352
3572
2276
2407
26878
29330
32483
22146
9452
3289
24446
25317
22641
6010
13627
26922
13129
9864
17744
28935
7578
3160
28059
25652
15750
32524
23464
10630
31397
371
18280
7240
22344
6490
19381
11938
19993
18491
19872
12918
9107
4300
32206
22731
29988
31787
17804
29046
25165
12994
9753
5263
24604
3112
12505
21860
10811
12701
7489
17596
14888
15143
31667
23116
32683
27199
22053
9403
26415
28809
16003
31061
6737
16996
32728
32197
778
7652
15449
6890
2697
29335
28421
30149
18586
16290
17053
8076
7192
17734
2319
14365
