12365
31174
13523
11348
27993
15757
23914
2754
19752
2296
18816
13398
1189
6657
22806
6252
17810
6489
20862
21699
4367
1817
5478
23844
999
22161
8856
22021
13528
15492
6510
26537
13578
15933
22478
31425
16455
30154
149
28248
9885
25367
27433
1503
15619
28162
26252
1012
3449
30
9128
16472
23658
29527
3118
22340
3704
16017
8354
23468
22811
26491
410
12460
31391
16816
20142
6316
5754
29142
2574
32150
31855
14554
24850
32681
30941
24216
12845
32224
2795
23632
10453
21935
26120
19486
20736
32207
19685
32396
6771
5186
12734
4718
15823
19619
29309
8554
456
24887
23067
2609
24609
22264
20357
24977
11146
7232
21748
29420
11098
32384
263
2325
31583
27344
30632
18797
13224
5389
5019
16458
19106
5900
20279
32450
19472
20864
2796
28270
15000
2084
2195
12285
31448
15564
26936
847
357
29826
14593
28006
15557
2181
876
18603
9331
12073
31862
13993
30194
18554
8545
13736
3036
30617
20741
11436
27272
17796
23153
2383
21099
12469
28325
22371
30407
11156
20057
31128
29491
4254
24295
23568
30631
29335
14834
4032
10801
21284
25130
5185
30096
14545
15273
8499
24896
4743
4408
2647
22282
483
2138
32333
5395
26068
30811
9708
14292
15823
32564
17333
9953
19935
24121
4235
12204
24834
18579
8779
8410
22017
12716
866
5308
25515
26958
31670
2386
23347
28220
22288
3966
23790
5246
31770
28066
7388
19987
5594
24306
30538
18372
27401
17793
16869
5325
16543
17088
28412
28107
28720
21993
31173
2802
96
8403
18252
22793
9856
14007
27214
24521
2304
24617
27209
4108
23647
30155
22796
8845
8646
1530
5924
30284
9874
17058
30217
21541
15524
29733
2544
785
29717
26565
3842
31790
31479
26583
25689
22168
21226
7625
11204
1458
24438
29590
32184
19890
28410
18230
5428
2931
6778
7619
26032
25233
26150
28304
12967
9853
6575
23782
31450
23610
959
24745
23863
4274
1261
30300
31373
27164
25722
18518
9649
18707
19798
16601
17539
26408
12581
12650
19753
28640
8029
15729
32472
7313
15865
6235
19569
30648
17330
1355
1120
30534
22449
10738
3301
14990
25355
15962
20167
30880
21890
5434
6062
9521
21958
13982
14730
26792
5486
12389
20557
15508
2418
11510
6376
5750
6817
22226
509
12312
2316
12855
20082
23026
2936
26732
9325
18357
12112
14014
14516
4161
2305
21279
26841
25636
7505
2926
24940
18478
10585
8736
19774
10381
25280
27394
21367
32394
30679
23943
27089
31405
10373
20423
16676
23683
24740
14273
9338
23598
11354
24295
5518
2393
28716
25309
19613
24436
11148
23641
28226
421
29524
15864
9986
22824
31963
25020
569
6302
254
24856
7467
27223
5723
30199
21960
23200
30079
17107
10957
17507
315
755
1950
28749
3851
768
6155
19800
9375
21471
647
25996
30299
28861
20539
8095
23708
18374
13742
32195
7152
17955
28131
26815
21351
3813
1465
32693
6459
22478
7627
20531
7211
9592
20527
10127
13109
27744
9170
2078
25476
27220
5858
19607
13303
8970
7677
1479
29133
23370
17602
27981
9242
6530
11747
7166
32380
30854
14641
1945
10294
4196
1028
3055
13776
1517
23264
2246
16275
24504
11576
2258
24951
30350
27521
21026
6475
8633
840
21492
31057
2031
11226
8341
20453
6606
14487
1788
8482
21717
30757
21387
31595
22824
9822
12057
31742
9223
3890
23741
29330
22246
22520
4077
16940
29252
17729
23077
21823
13725
29201
2116
9060
5425
13888
13599
12547
502
22314
127
27219
15223
19604
5625
5835
9338
17777
27366
12824
14674
18494
7143
26989
4681
7857
24545
30689
6304
24191
31130
17353
3698
12941
1534
30255
25404
8198
17666
23137
851
13813
23382
28682
9075
21287
14930
15437
27785
17125
11141
32351
2685
28664
15618
17079
11117
31331
24849
5706
21002
27527
21204
15531
1810
4345
29012
32537
32541
25411
17815
20675
24212
4742
23772
2053
1925
27621
5910
27061
23318
5609
24795
16037
30714
25470
29840
26054
20141
1557
7257
4590
20392
7714
11512
12382
29498
22205
31882
7140
28898
15385
21116
30633
5040
26442
11069
23450
4641
17848
27005
10696
22809
24404
22235
10281
5273
4594
29798
13632
23930
15943
8227
17699
31476
14742
16602
16853
4550
22950
4306
32062
20894
24512
32087
16802
8084
26147
2998
7725
20620
5798
18193
15727
19272
2311
4658
8819
3361
21878
30384
2370
27443
22046
20150
29133
5373
26179
2898
8743
31795
26531
24306
1569
26670
20335
4934
11437
17498
18688
24222
32244
17755
28489
13828
3589
4569
14095
10000
28158
2592
24580
4972
26006
18667
7456
15791
15827
30313
7138
18613
5608
25008
19551
5225
5953
5684
23376
32169
27589
12007
25754
7383
30809
22772
20143
18765
6884
5318
30370
1520
10942
22087
31616
19521
10791
8530
17385
12451
25202
20827
13620
26634
873
7181
28982
17477
2858
31539
15310
10780
20939
9979
15797
27208
6465
12821
30026
25428
20825
23400
7942
8136
12147
9077
27771
27711
16347
29025
28542
28254
10248
12423
9978
7289
9166
25457
1550
12409
19683
31626
9370
23250
28479
6888
27361
30902
5144
26377
31993
4671
18651
11197
14399
22890
25
2255
27501
802
15359
11753
2828
11237
27812
23327
13347
17147
16341
27398
12994
8789
5118
6991
25365
26514
13396
21884
20275
22038
7047
25427
15725
4854
14514
13872
8884
7834
12716
6193
15787
29526
27157
30053
2260
22186
1546
19472
1149
28509
21234
18602
2530
32188
26511
27918
7075
10353
22274
29738
15013
24858
7837
2220
22061
114
12139
26576
8948
20168
22777
31916
3863
185
524
8083
16462
14149
13773
8178
18842
7627
13049
15981
30369
14637
27792
23104
3515
21401
17574
21605
25698
31300
6730
12007
5750
18003
25150
10627
10748
13424
7303
744
14145
31136
4459
14074
25377
1129
9888
25901
20253
4091
11524
19030
5793
7072
22107
10432
481
5214
12022
31764
3607
25219
26173
30467
13635
19719
27952
9017
31613
1946
16113
7749
2000
8144
28182
17058
10838
24336
27709
14649
11492
12023
15134
2069
21918
11701
16483
14245
5947
5663
1035
19116
3878
1816
28517
8085
9572
14194
20089
14275
17837
19542
20397
7650
11594
29278
692
12714
11779
19854
1662
23317
3954
22775
8636
24977
4971
7532
21597
26818
25562
29848
19871
7479
30375
29115
14662
13151
8022
2516
16402
2927
16714
1847
28881
17092
17106
23085
3702
1719
26814
17183
25036
4998
14948
686
19632
28583
20455
12349
28757
923
19356
24730
4001
25366
10947
1612
23582
18011
2402
24383
25012
19711
18069
15671
7206
3393
17827
10256
21332
16039
11676
26994
9588
8404
4868
12208
2208
12820
6493
7274
16063
20059
9822
22993
23707
30417
7283
13596
13643
8368
23073
17824
31710
31703
25979
11017
13787
17110
23276
26151
29438
18803
29591
31346
19035
12576
12715
23256
10425
24073
29722
29350
18975
284
30270
12984
26730
9955
26942
8169
17675
1886
7459
31792
15000
27060
10743
23294
84
17023
8011
16171
5260
5782
32293
4344
8025
23656
18249
12847
23934
1486
12027
31833
15090
1343
25494
22338
14076
20416
31235
15767
6143
30275
8268
22998
14365
15497
16027
29687
13467
4614
19970
23428
22589
3826
13779
17240
5694
15947
1463
14978
732
29265
5615
31213
24877
18305
12416
23417
25479
13743
12001
31068
28459
20338
6165
26700
23342
11581
23667
10426
20179
26869
7129
29064
11211
31846
5141
31698
20998
16100
15612
6978
31149
15350
686
1313
5449
10440
16911
14861
30628
25974
30757
21573
11509
15383
27041
7298
17034
11370
13362
15587
31707
5479
19960
20373
27701
990
23724
20652
1093
12197
17217
21830
30652
31708
11279
22672
31763
20013
17617
19798
24243
5679
28114
28035
22880
1664
23655
28687
4220
18888
6259
9808
1221
12380
2848
24297
16688
16468
7200
5068
32224
7715
21022
29772
20107
8919
31962
16688
1697
6166
28188
17078
24506
12082
11637
7783
4350
5001
25963
13430
21061
25278
21700
18104
11654
27050
21512
997
21104
19499
25206
22138
11645
493
9455
26974
15600
12695
2163
4648
29472
10522
8536
30383
28092
1951
6196
11729
3342
17802
6259
7398
22188
24684
27625
28975
24391
21817
13338
7823
2692
24454
12947
4849
26496
21388
8018
4160
27481
32353
1052
16705
14099
25332
6535
17246
4058
6121
25116
18321
32440
29977
4723
7292
10805
26225
19235
12147
13563
3246
2827
32005
11568
22378
10180
22781
26179
29554
723
5900
4377
8454
25611
30887
19642
25599
6535
4325
15967
25680
1724
23287
41
29562
6843
1982
940
25417
8993
22484
2074
13617
2298
18733
18472
17840
4231
26386
19183
16039
3989
23618
4136
19836
8290
10407
22911
23713
3607
16957
29406
9924
832
22417
19808
5456
21606
24009
19954
19421
29853
30716
29740
31198
15869
21730
32529
21554
154
31108
26636
27039
7865
23376
11160
10041
21255
292
6122
28136
17313
16791
18079
21252
15858
7456
9639
15896
6479
25782
5229
10892
8564
17454
20580
32045
1373
26300
30384
8093
22651
22
15236
8176
4780
32423
4089
12348
4893
15564
12341
22707
20907
24398
19095
19435
31890
30638
32758
11665
15304
27726
14303
22176
3598
9063
25262
23424
11799
23672
6648
19597
21764
24830
6909
25546
7094
30704
1587
13803
18976
22082
20520
22890
24779
824
2119
15788
18590
30952
13570
3316
15020
8536
21038
10674
31723
30543
29463
30491
5182
12054
4869
7378
28496
15330
169
17665
6655
6456
26525
3690
31007
20240
17858
32249
24030
12118
3319
18719
20936
6979
6733
3211
4825
18766
9146
26493
2962
16039
18155
16997
31265
21538
5032
538
23045
3458
31261
2318
28167
27842
27531
32143
16574
26589
29355
8079
25024
12628
28333
23007
23338
16143
19409
18520
14896
24123
4061
30393
32430
31875
24104
6277
20585
21042
31478
24494
25371
23578
15645
24318
16806
13986
32490
28282
25914
28184
14955
31545
5563
16270
15723
5138
1885
7843
3173
28397
7425
31464
7075
13082
8799
22394
27964
31280
29384
14873
3942
31685
6521
8408
15978
257
14462
13642
27560
6083
13108
24385
6528
22590
27021
19301
22526
622
4795
355
17441
4319
15772
19615
20052
8206
25554
131
1678
23891
3403
18217
20416
27543
13649
21343
23870
15006
31495
20239
15217
20805
12665
13671
5970
6562
17859
27309
31915
2346
13559
25188
26163
23469
20491
32365
10355
2050
21634
2528
278
11880
26851
9895
4283
15183
21524
23107
22154
21236
18601
21798
14314
8536
4902
17951
20028
30050
29346
23812
23783
13378
15742
9888
15695
17122
14693
12828
31769
481
32603
28168
20071
5113
25520
13427
14439
17147
27937
8387
11903
21892
19754
15867
6511
32698
8291
12755
5317
3552
23360
3557
28222
27381
13834
26574
18075
8178
22857
28249
19852
14882
1287
2218
30871
22859
1611
22362
17161
17768
14744
25723
9871
30172
32522
20485
5721
12116
18022
22136
17275
373
23693
6720
338
2546
9209
17824
2679
995
900
12754
5889
7194
24409
755
26236
25076
25241
22522
27695
28475
5796
3913
20635
9571
3073
30938
30098
22163
4910
10250
12902
21085
28369
8290
22623
12542
23713
16146
1602
26471
18295
20300
2041
31542
10412
9783
29953
13797
11304
22548
18299
32034
12232
27097
8280
22270
3289
19279
32378
20
20919
29274
32242
4060
9998
14091
26101
23590
12040
13624
12158
24223
11801
23831
23681
24250
30600
29941
28252
13519
521
2272
7034
2307
17190
9276
32482
3766
19007
2820
5176
17271
4317
18453
1673
32653
21324
13038
20158
21355
28060
25852
7480
29910
5257
20386
26375
8778
1993
11388
20239
10093
488
10328
13705
23995
10159
4909
2503
24739
3735
27367
31177
8415
1318
7191
28190
13612
10276
19790
29590
32617
18696
11472
30312
16674
25660
18406
30636
31587
26304
13574
24200
10780
14625
14846
14389
2346
16889
23803
5237
10685
26811
24771
4784
7572
13391
1923
4212
32602
9656
32286
10622
15145
32067
20080
7095
3566
29045
6434
19885
16145
4128
7781
14001
8832
12147
31349
13213
25929
3959
2109
27371
1092
14424
26240
19523
8475
23391
26424
20830
14564
10883
23861
23388
11590
12778
25030
12439
2728
12922
7968
1598
29113
10078
5110
263
1380
21148
29649
23781
29014
24966
28813
22502
30854
12432
27458
16802
18436
5497
15317
20905
25735
20903
15093
26272
11814
9720
23125
19402
1424
12579
32100
14806
21535
25419
30544
16773
23142
24666
283
8112
23702
12839
6430
7731
10265
8851
29767
26082
10700
9363
9305
13621
4416
26704
24538
24999
10644
10301
21718
5981
19437
17699
20779
7445
21349
8608
5906
15998
29741
15166
2563
18968
4601
4993
11057
29420
19096
19420
10015
14646
15672
27980
11103
21922
19051
12388
52
4848
27667
31193
21813
4460
17493
24130
11253
9818
11790
19848
22037
10661
383
7121
10924
133
32647
16825
6026
23027
19061
24068
12211
14363
1105
25408
21418
21198
31330
19603
6030
19542
7138
25732
17232
28447
1631
22136
5900
26687
27709
13822
6144
19890
7652
11966
14877
26262
882
2075
24203
24288
28374
15828
758
7817
18185
12607
12556
11824
10311
1616
3032
3404
14333
4797
22427
29329
31900
29133
24413
19463
17266
2203
26517
3586
18441
15073
25347
32554
30797
1159
26106
1252
26842
24367
15042
20850
18764
6012
2328
2407
15310
9572
5827
1522
202
30196
27848
28728
25678
18625
17565
19256
31441
31380
3469
22994
12201
393
20423
20833
841
21207
31316
2663
89
32197
4252
7996
2569
21385
28436
9188
27860
2576
15034
13079
22380
21068
2149
27439
22486
30472
25071
12900
27290
31744
25260
27576
29057
13165
4446
27053
700
9154
15776
6979
2117
30520
32099
31701
30122
16717
6006
17860
24335
4781
19620
1594
26008
2860
31648
31303
2265
6740
32366
26851
6359
23778
5486
14163
28421
31272
4738
21873
9136
26702
11377
28682
14314
17192
25101
13680
19916
18185
13090
23249
15496
7878
2918
7548
15943
25927
28820
20000
9891
17862
26494
21388
10053
14302
24008
29726
10306
16270
16625
26730
1295
10703
11368
7317
28704
15908
18154
12235
15571
16305
2746
829
25360
20260
10338
2491
19953
24000
26617
21485
496
9743
31679
5740
25927
407
18579
5008
18616
16472
24126
9185
12191
3225
19526
15780
24720
13349
25148
10764
10456
10688
22257
30296
15715
4762
13390
22451
18010
14663
16733
3377
19932
21433
18466
9921
6330
13423
2629
17044
22378
29426
21704
293
18580
23716
11626
803
25236
19543
31046
23362
3208
10898
8225
31176
32716
28452
31869
14204
29553
13840
21444
16931
3213
4989
32697
20137
31750
14589
23206
32046
31077
9517
28108
2576
11883
14478
31891
2546
31636
31955
12942
22117
14869
16172
15863
24673
13637
19626
19704
2580
9831
23772
1162
14742
17795
7344
32202
7143
5402
4765
16534
18319
6059
30863
16978
30231
6298
5014
12313
24110
14861
23030
26784
26425
3702
20030
5350
18542
29389
16892
13795
30981
6140
6481
26030
16726
18768
13478
7475
8923
11183
6148
9068
18012
13235
27106
17216
17236
6145
1571
11543
23288
3540
10657
5999
25817
2019
12843
16495
3657
30391
13638
14099
264
27326
30651
8301
3038
15789
14895
20085
1417
4974
23321
6317
25058
15572
11731
17831
24188
14500
7825
19337
28479
3277
15763
23576
2483
2350
2808
6652
16903
16784
11854
17282
12605
32697
9246
8134
15006
9206
461
25199
15335
20561
21284
16024
26896
30930
11713
3975
13356
29698
30672
15633
21006
3412
12638
19228
20387
16251
16341
9219
29218
2569
18009
18496
27129
18975
19260
28257
993
11746
373
2630
489
5774
5982
16186
5979
23580
2464
26489
24617
6954
14620
16145
28324
683
22540
14984
11093
22481
29230
11998
4957
28323
1725
13988
19753
12496
16328
7878
32474
31938
10543
23378
25825
1765
3607
15953
32288
21934
20735
6644
7884
7913
7949
11148
5989
18139
8890
15969
15926
27292
26225
6781
29820
14785
29470
17541
950
23250
17066
19010
25106
15665
16679
19062
24561
32735
22255
7090
10989
26000
4000
15967
13350
16277
21907
23892
19216
32488
7013
29089
20117
25241
15680
8222
7746
15577
14364
20694
22180
24839
10721
25440
29236
26264
30169
2191
32666
14579
25934
16152
31821
29695
20994
943
28467
15077
9879
20792
7813
15140
23490
4703
1235
22033
24006
17037
2996
19475
14229
29257
20086
30767
7620
3289
2328
27611
24142
11805
11375
30636
19268
9536
24559
14124
31323
12290
24429
27486
7722
4638
26779
12531
12273
25825
15049
30196
22466
3403
13465
20868
20721
3047
20844
28347
28133
20853
5743
17320
7418
13398
20633
19280
32680
31115
18182
3841
2719
9385
17629
1267
8873
10822
23467
31049
29246
22596
3021
21575
5261
12734
20456
10663
32293
13364
23673
19927
9783
12926
16434
16068
14942
25241
13581
718
26788
15912
27264
12723
8379
5650
5191
2934
2945
31830
30152
19510
5644
14143
27672
30638
6738
29182
27883
16500
10502
19720
24939
7972
20056
26768
1688
31421
10363
21822
30890
18504
4262
7846
29894
24722
22714
18082
3977
18575
7394
28249
31610
20035
32633
7448
16480
26014
3939
8491
7550
2274
28812
13673
25123
20837
15200
1033
4809
1386
897
32012
12347
29080
17266
29168
14450
24755
19784
28600
27989
28636
2626
31815
16727
7949
4384
15530
11416
25944
18168
13679
12487
10673
6223
19416
17734
21057
31235
31638
31913
11053
20655
11381
16590
12899
2922
27969
26031
23996
24841
5748
20784
31256
25384
14540
12719
28341
5582
8713
28311
19056
31266
21821
17210
8995
8350
1092
32289
24005
28136
25923
3095
32487
11792
6477
23879
14069
20234
17585
15198
7571
6284
23209
859
27123
14994
11093
27805
1821
7915
4540
23200
19976
21873
7337
5880
22199
26433
24369
4976
32618
29382
10979
28984
444
30463
17230
22770
6732
265
18779
10139
32288
25219
7545
12005
17862
24354
3149
27378
18784
15370
3189
562
20493
3934
467
30445
28505
24802
10796
1314
22783
15611
25030
2658
4654
27976
19028
3045
6165
22196
6741
23412
23150
28228
13989
4124
9124
1054
8157
2838
18424
795
31345
1618
6248
10077
30912
451
23662
18382
14070
6214
19235
16488
25495
14722
9137
17281
28678
10035
3841
1819
13169
234
1954
604
26339
15056
32457
19552
15465
5197
17459
15438
29891
13272
23299
10719
16366
20593
28784
5952
24255
28178
7325
8032
20194
7533
27463
14184
27274
7759
15666
20326
32078
17124
1381
29328
20295
23034
24822
26453
16651
20031
31767
16551
29022
15498
15937
20758
18656
30398
31779
22594
15135
22841
18079
14405
28481
11392
19561
14788
13941
24841
22798
414
2423
31401
32060
11333
12949
10803
30579
27079
28823
7909
6371
6133
21691
9886
12988
11334
22334
28573
4818
23103
3908
4719
8670
9352
1561
17087
32146
24886
1470
14367
9823
1133
24903
20073
18489
17341
20036
7669
15147
27632
2486
16531
13842
21957
16649
5413
5486
8356
14681
1501
4357
23651
6961
30603
27416
13356
32155
29849
22164
29005
5145
20056
18122
22880
31179
29296
6654
17045
14380
13782
5765
3054
11445
10216
6306
16857
31151
26634
22666
18042
18392
30377
31641
23352
6371
29254
11981
10572
12781
20750
17603
24393
1153
15990
13354
22788
10670
16545
20808
7794
16365
20784
15184
763
6645
29464
12425
32458
32304
19970
24119
25903
1423
18529
5118
30630
15487
12904
30959
17102
27187
20739
16797
3213
24805
304
30459
24934
801
11209
605
22900
6032
12836
10060
18002
24376
10861
15893
16355
4712
31333
3717
17680
25927
18520
7858
26930
26708
23955
18456
26475
29028
28954
30376
3300
23244
189
1869
3700
4229
15759
11042
20821
17412
11693
27929
17453
31974
19198
6906
2576
22499
17667
2638
6693
12144
20664
32388
10459
3704
23600
17408
13143
29241
13725
20963
18069
3050
2054
17710
30312
9014
24966
15785
21000
21823
18059
12945
20121
19520
18501
13614
1253
381
9683
23768
31262
30253
4584
15607
1558
10016
4028
4141
13322
15
31515
7433
5037
17345
29523
8542
9435
25106
17207
18961
10430
31305
16685
25765
24911
16530
3034
20210
11811
2794
28998
2732
6017
23447
22007
27674
13544
20091
28886
8416
3095
26831
4259
22048
18240
2646
15681
21408
10913
31602
28228
29603
4498
6401
9530
31223
11583
18696
11068
6525
13933
4753
7100
20485
12990
32527
4284
17245
5003
6801
9346
23633
3619
5589
20953
23344
5769
8897
14247
6078
19200
6889
10874
5137
15444
1569
32523
28433
5155
21292
11466
30144
13941
21550
9192
28369
7469
6363
2542
3701
13997
4424
9329
12884
27793
21684
7598
27395
14170
4544
10337
23748
10359
14290
31986
25067
2421
24927
14992
15858
27687
16763
7304
23144
2908
3692
20587
12933
6381
27166
14059
2662
20349
22835
24387
27556
21862
12462
1991
22322
31193
8696
31361
17304
5809
11844
7208
2707
2453
7463
629
25478
14629
18448
13810
32649
20572
662
20025
31647
15175
24463
24587
20548
30913
6403
6675
19465
2426
18674
19957
10842
24776
5932
1235
13179
21304
23917
22791
13837
12872
20416
11459
14197
1462
23220
7869
15969
7555
32332
13783
12667
30382
86
18338
8911
13082
31512
12758
26677
20684
19826
27417
4817
5874
12062
14633
14218
8228
26163
7088
11327
30387
31250
13234
13726
8488
24612
9937
25419
14379
4369
12089
30856
20913
20708
19985
15596
23684
22299
24108
1850
27325
10661
25888
3369
18761
30212
5013
14648
3513
14637
8997
12586
13461
21283
17119
7362
13609
16615
20135
3913
15996
667
29001
18004
30792
18258
23275
27543
30534
29989
10355
19280
5040
23499
13506
17108
13679
29644
22821
2423
31019
29890
4751
21764
12969
11998
29965
30453
27763
16032
26118
27633
2422
8701
3305
13596
17840
31253
19601
12436
14469
13209
10632
1371
29717
16709
11102
12409
12104
30780
23000
20951
14034
29820
4679
23022
32394
21344
13686
1543
30879
6321
824
29198
8182
8670
12274
31666
22958
2922
11377
10394
10981
29399
991
27872
14311
6510
68
25125
16219
10644
16781
23201
13743
20999
3752
29473
9023
3778
28151
1088
18544
19788
20495
28389
12861
12120
20198
25071
9461
10342
24247
22739
23926
12118
2453
969
1320
18787
9
15052
16800
1097
9095
20577
7595
4591
20024
10579
16014
13118
28158
3384
26744
20531
12720
20259
21734
9266
10174
7284
31422
6445
15656
7959
32458
1669
5229
2855
20683
5606
23984
15149
11472
27010
9239
20357
28626
8023
16499
24875
27950
1360
17018
15034
11278
16106
30054
1264
5996
14990
1527
27491
2831
2231
19468
11297
27757
32086
12432
3622
8295
26923
13622
13069
29224
4470
27835
15666
6906
26885
23152
14826
15143
27426
5251
3836
5858
32294
10566
25576
30136
26705
32445
1733
30512
3859
29971
27862
1695
6726
11277
372
31447
2915
6506
9593
1413
9441
5970
29245
16617
22303
25034
22753
20073
8135
736
28477
8904
28107
18189
8147
30579
28970
5839
21167
16448
28367
24701
16172
8294
17093
5171
18906
1841
27728
3225
29764
167
23235
4277
1802
17423
30018
26488
7921
19632
24790
24974
28762
32719
7477
4729
13490
21694
31701
32009
11416
6576
4224
16430
18332
27938
30639
7802
19446
4919
3008
16873
8775
29781
21378
1449
9782
32248
29129
16490
2386
1883
7268
24759
26658
23199
6310
23677
15622
19137
20316
9937
23216
27264
24909
11086
18474
8871
2199
21646
25411
14333
24861
19115
23033
21793
8751
15850
25046
9597
27597
18872
9027
10067
9564
8058
24333
30278
21219
23320
27988
3471
27319
7651
25071
26451
27249
18346
31783
17701
30141
23869
11454
2563
19482
10920
28974
5833
874
27611
29117
32622
3937
13089
5813
10677
2383
12462
29313
21779
24054
26516
13000
8407
25950
15341
21312
16272
22326
29981
14478
17202
20792
31923
3645
26948
26925
12940
30306
6065
29492
22859
3068
9713
25142
4689
16563
4947
30271
17267
23241
21374
4598
29122
11779
18331
11150
27502
18562
4319
17747
24572
2526
17167
22877
11808
26550
30157
32538
6216
23426
30177
24888
26428
16882
5328
20093
27497
21483
828
26252
18340
21042
20636
5546
7842
14418
10535
5878
30354
19180
5771
1855
21658
17880
7055
20452
10048
26028
6866
13279
30537
39
1504
31814
3084
23252
13898
29652
22518
25831
13218
466
19218
18922
9637
7606
2355
31193
5266
13487
25911
28427
30735
11322
22135
31897
9835
19085
13951
9501
9134
21989
23253
25686
11451
4303
5555
4874
8413
22981
11290
10595
6152
8336
14576
13948
15864
4570
19952
14314
886
13
12432
31781
24738
18045
7096
17559
18091
19871
23368
26962
27728
26685
7741
8920
12851
6901
17803
20757
22841
30388
13351
30886
17341
9095
18323
9552
13934
10836
13869
14988
2478
21257
17177
23635
17676
16736
3121
21593
601
9821
11480
11736
307
7540
22399
29995
30494
2784
6193
5148
20567
29964
19673
396
3208
2324
17921
31881
24125
526
30078
17572
317
21707
12336
20461
25244
14913
5151
1465
1192
22705
18726
30344
15751
6637
28424
24746
28431
9842
1782
15011
7976
17961
564
16742
21453
3323
14470
635
29626
19228
22556
13646
31463
28557
13084
27865
9319
17820
26076
7009
30892
24817
19676
29689
8470
14568
7647
30764
10256
24380
321
7007
356
24215
17402
26948
31620
27334
28656
2980
21070
27515
29839
18259
12552
6090
8617
27261
27298
6863
26979
212
30381
2224
17528
29520
29730
1842
27594
23996
10641
12501
30111
22338
30135
29308
20823
9357
24569
11451
10290
23660
12463
29441
11891
9895
14551
30020
23236
22206
21894
6888
23123
2820
22714
17005
13392
2168
17081
1142
10385
8130
2186
6546
15586
8712
2240
7491
19302
2169
8699
24532
19783
15947
647
8816
19230
16359
28440
