1552
25565
18386
15945
5564
9156
7035
19612
8688
2017
7802
16186
10438
25771
913
10743
11367
8570
26376
24800
15247
25762
15417
19021
27333
7839
18949
16587
605
25370
10909
20604
1961
6464
4236
16694
9861
460
4056
12877
15525
3936
14105
4362
31517
3986
14109
17585
18250
31357
21601
28166
10859
10240
28003
26101
2236
12020
4873
30466
14122
15810
20694
7528
26854
12674
30459
26340
25729
31330
8698
31921
13261
3423
28555
5377
29820
20041
22544
3068
27382
26156
21262
8516
16267
13812
1767
4876
15274
16163
30074
9105
9834
17444
32604
182
6524
29085
12096
7255
11717
7950
5942
9333
1396
15425
25849
15926
1803
28022
32031
2642
17388
20380
29417
9014
7931
5759
9238
3349
14549
17168
26143
31498
19695
13718
3759
26719
31087
13735
274
21421
19458
1665
6298
5189
30421
7522
23522
21571
25043
20639
6577
16703
11046
9630
4486
28028
11285
8968
23592
16625
16344
17102
24166
6465
10854
20083
18378
4178
27422
22489
32018
26997
28327
26242
11031
19199
11919
10794
26741
13773
6443
30526
9472
25518
10224
22176
20729
28317
17768
23267
23964
4857
6378
17175
22940
24371
19710
3185
23037
18226
6525
28613
9129
30561
24684
26875
27573
15308
6375
15763
17370
16844
31163
15873
24880
18507
17698
27263
27434
5068
23844
24022
3948
27675
17744
13220
26955
21941
20859
3012
8756
28376
19808
12392
16127
15671
15923
16106
12403
8815
1267
979
19379
6703
10947
1691
30988
22580
9664
28363
24169
17634
29236
7831
6063
19021
12226
15398
18345
5000
2204
12512
7243
25663
327
27408
12057
5894
28817
26220
7911
99
11010
4093
8524
11355
3539
3828
12360
14016
9279
13587
31566
14807
17667
10409
29303
18429
6882
15723
12068
31618
25739
16786
14852
24585
7915
18894
2947
1821
29721
31078
5530
17570
6448
20129
18794
22444
29389
13747
26090
30520
25837
25240
25323
30457
24094
20563
24353
10141
15877
19947
7780
12275
394
21027
17279
12522
3941
14403
22377
27073
179
20388
13043
4579
29320
16650
12370
12750
1215
9871
16497
7516
5907
25354
24611
31414
24628
16371
867
6034
22806
14010
24467
15944
6563
18417
10818
28817
28489
24724
4829
15553
20567
17574
20800
22286
10374
13663
13109
32411
20414
5823
22697
23293
17635
25983
2411
15737
18423
9008
8584
31401
12860
16939
17777
26974
2745
20174
23730
17670
231
19030
14698
27337
19390
18623
8737
2145
31278
3899
23945
1606
9145
947
11229
25080
14631
14102
27776
17085
14473
25314
30121
9953
16606
27298
15342
21451
15181
4523
24865
12512
2242
18715
30658
12065
12541
7814
2502
13660
4089
12028
14972
24333
18635
6197
99
6308
10650
23487
22763
29931
6196
31504
17131
13728
7139
9881
21283
20632
27241
12033
16980
4546
19298
13934
28396
30098
20480
6994
25748
24101
18412
21495
14444
22727
13264
11990
25060
19915
13906
4307
26984
15922
22173
3825
29153
27560
13697
3105
3059
26351
24412
10025
3256
14475
27251
28317
18765
8529
10138
16111
29700
4985
24824
15933
7952
2582
7705
25546
5353
12776
29762
30180
22849
31996
6999
1619
22058
11062
612
12492
27925
31878
8664
13059
2737
16103
20232
12331
31026
22795
28388
13601
26916
11564
6450
5503
7213
16810
6905
28956
30234
14498
18663
11392
6535
4159
3402
22210
21603
9380
23479
6581
225
32755
30578
2197
16581
22270
26585
16654
27933
28412
15533
8460
14060
11777
144
23041
24694
16184
3352
29458
14759
17571
22190
14955
16777
13784
30072
803
1831
29735
14600
30434
15675
10727
23831
10665
10658
19663
20306
13025
31482
24384
25950
16383
15278
29212
273
6345
21503
32640
29965
21293
30579
19199
1789
16591
16932
2371
31001
25731
24695
22180
12072
8043
3407
12857
20393
24567
29790
24439
11756
26871
13815
13870
6563
23424
27207
32267
17726
8022
10837
14388
31035
10851
23669
19201
4403
23172
1874
22784
17468
4054
3868
17328
15439
3260
22076
9988
1081
2564
9263
23005
9486
21225
30065
3951
21209
17445
27664
8289
31329
13771
12341
11297
27454
21796
18297
19628
20160
15229
32156
19678
17786
2961
31658
25580
4918
11625
3495
29158
24669
25322
31965
2245
10832
18200
32503
30334
7202
24468
29125
6082
20841
17505
29419
1035
9223
12054
4763
1937
14600
31432
29485
21565
28317
9062
12548
21984
24291
24280
18768
10376
11818
15865
15432
31995
25476
27367
5947
531
2292
29658
30496
14094
32033
6470
21877
29635
25679
31628
26077
11033
21843
23699
14939
26559
10730
1672
28540
17833
11071
3122
13482
31753
32449
17312
27798
29651
23575
32503
11573
2602
30719
16257
1878
13053
18397
24570
21505
32581
32052
27125
10156
8695
1973
2757
4044
9895
4489
25951
11957
23642
24157
10230
12355
11911
25753
18034
20628
3529
14516
27165
27353
30140
10279
27828
21373
7552
19716
13865
1510
16816
4357
32765
17031
27332
7481
29688
22153
17891
19260
5828
7308
9849
26172
26287
1704
25187
4975
9997
17234
26096
13325
67
31943
26846
25592
5174
12822
26810
8776
26275
21213
16227
10888
4643
16676
8161
26049
29131
29599
5869
6873
16543
20662
16458
3751
11007
32629
11486
7981
753
15920
15984
26617
24985
6197
13764
24964
22895
18219
2804
21076
3185
18525
7173
3541
15567
20589
20087
6367
27241
8559
32404
28804
27423
6645
4674
24272
20509
16422
20265
2465
10272
20341
10403
7202
3217
8645
6752
20569
23355
2112
22906
30933
13047
62
31356
21968
4156
19172
16620
12102
29454
7496
6076
12524
22219
12389
19401
13298
15689
26490
7900
25377
20823
28991
22720
24922
14889
9203
30440
21912
20050
14917
21622
12738
1401
14653
6486
1222
21463
16881
24697
16458
8545
18159
27249
11979
24634
17922
23937
18781
31028
1854
5952
29095
23810
17257
8412
7802
16061
22626
6800
7026
864
17233
19628
28595
26024
28301
48
27494
10975
18145
857
18647
2614
18555
31690
5590
31988
18
4065
30203
1741
28945
17505
32404
10880
2324
6511
20615
8385
20090
27380
20472
16678
11119
20944
11193
22078
9875
30799
4665
27323
31248
6041
29609
18355
6886
8890
27771
14799
7165
11145
16070
5950
3630
32049
17061
21766
17871
2788
10461
19883
26451
15379
650
20541
1992
7192
2306
32644
25760
11484
22688
7531
15723
102
22540
15259
12640
10034
355
26438
6294
21304
18719
27584
5473
13936
29738
22796
17760
7150
14082
18649
25137
2744
8286
8341
28457
641
26820
32501
19326
31785
4597
23488
21338
7617
24095
30412
8674
4158
6929
11157
2526
23136
22888
24661
12293
31111
1304
17912
19156
29651
31149
27202
5317
5053
1513
22489
26301
16012
12766
30074
12876
4811
25396
22253
7126
16907
17658
4014
7254
19061
7617
20872
4279
13465
11249
27735
12303
5774
31258
2385
21896
9259
4223
846
4519
18457
20882
18736
13171
23259
2774
15475
27157
15092
1859
27414
21298
7265
30397
5084
26000
24879
4116
6162
25334
27702
14081
26684
10024
29441
7239
27368
12940
4413
9246
29082
27871
23320
13539
15632
26439
13890
18724
12824
25021
5915
8120
7142
20060
13495
16295
1623
31073
28818
5855
14913
15206
18249
22976
10247
16987
17495
12175
11933
12409
9245
4338
1894
27973
9379
5994
4265
4246
10387
9759
28303
11635
23102
7014
20000
5014
4540
9036
3322
24327
31514
25718
29728
22809
24265
18414
9980
23873
147
16754
25913
22757
5086
27420
11344
8522
5103
8820
23303
1448
1699
17124
1761
15937
30236
29624
14233
17665
18231
26438
18875
17364
18278
25385
29302
27845
18161
12682
12963
18959
21641
7638
14822
21571
7672
18975
3041
14995
24894
3222
13974
25093
1139
20407
21532
20462
19430
17886
18853
267
21191
18668
20086
14666
21940
15803
13843
6504
3933
20926
5635
685
25068
4947
11732
26164
10746
8959
11120
25474
17588
31865
1457
32480
32164
20430
19004
25930
24270
19112
23331
30317
3475
13141
14961
25919
10633
24778
26011
17429
17237
12620
29359
22474
11856
19766
23150
24541
13295
5361
13463
12221
6700
22009
28683
13792
15943
16714
16743
3557
28941
20486
3603
21298
2357
6649
30788
15819
6524
32038
24381
479
28455
17228
7101
8417
32351
26622
17264
2552
13274
16411
2960
6275
9836
30705
27525
15401
28764
1034
3943
23133
22613
16312
9850
31657
8921
8018
2893
11451
5510
6543
15303
26865
8095
32076
19997
26705
803
20960
11349
6210
27893
19250
3019
6045
1263
25589
11629
29655
31683
26539
1867
21317
18818
20012
22319
7212
24129
23265
321
2957
22756
25548
4984
31942
6198
9239
24854
3921
32244
26226
11887
21980
7447
14606
5619
9800
13968
18518
14874
21064
13769
8008
28730
1259
25418
24748
26486
19492
26623
7273
27815
7445
8681
31684
4074
10919
26685
23813
27415
23993
3082
23747
3030
25334
19175
25214
28937
14203
9557
16864
13493
21871
1788
15760
31879
16797
22067
22052
3927
24961
26370
19626
31249
12068
29168
3644
26627
19052
16551
21882
4195
16673
27394
23623
23626
22637
29984
20239
15421
12823
29451
25240
32124
15776
22214
6025
10440
15867
30531
4489
6184
31458
776
7355
14820
26640
7431
28779
17715
8885
3420
17805
15754
14478
1100
26499
20880
28522
31951
11950
9906
22098
27637
32587
19079
17354
605
27772
14982
32690
1482
28727
17412
21117
22846
29792
12336
17446
5566
16386
29938
7916
31571
27122
29414
11724
11225
21812
26792
16988
31927
11538
9842
2911
31046
19749
3936
6600
23908
1678
6815
27019
16394
22751
14096
838
19412
477
16030
6386
29944
27518
31790
19160
12182
10934
1696
7995
16372
21360
29745
23438
21348
10282
27552
31751
12396
2754
28597
9575
15665
16170
29902
3037
25754
28821
13752
21563
6472
8885
13577
31973
4182
5835
17401
24274
9231
31936
13494
30099
15200
23941
10952
9960
3980
29674
2144
12148
557
25016
25626
7799
15685
16100
30522
23739
7892
12071
23186
5320
19675
3141
31760
30185
24500
3773
9593
6280
8928
2124
6069
18131
7208
15969
31333
3309
25752
2309
19874
17762
3376
2118
21701
12001
632
20504
18264
15046
30533
21668
27096
15933
20524
19968
13963
11016
21662
7616
21810
28522
14696
12494
17068
9644
20073
13544
9653
21616
32150
23621
7063
21783
16426
4497
6583
23597
11677
14713
27762
14351
30208
24894
30594
20091
8871
32437
4814
29913
6423
31303
8469
5675
14964
12411
5093
20147
10997
23269
23100
1756
2774
28960
2906
27364
27575
3413
30589
25340
7027
10318
7249
17814
21333
24627
22572
14520
6175
31168
23407
23748
23650
9081
13735
17227
10296
29641
26507
3321
32619
9182
572
27404
21724
10026
782
26908
512
20215
15949
24322
3060
23284
25229
14454
28557
25793
23969
25002
17671
8274
14333
6632
26964
32173
12125
24887
27294
29640
14181
24895
7392
9354
9853
3968
32299
8551
9225
5087
14556
4956
22591
23453
15632
19198
607
2631
2777
15247
30323
13152
6767
8721
27813
32128
11231
21405
9586
19539
19924
26007
29710
5787
16268
18398
100
12379
9126
13588
16882
24000
16588
24954
4810
11043
9219
27470
6416
3383
4758
1435
8821
14407
722
28990
17874
7818
25983
10873
26361
31581
31129
16069
3508
8973
18380
20701
28806
28192
14154
9011
13509
20697
28573
31401
4685
30354
5918
18820
1944
4219
19649
23143
3502
31859
21637
10760
20346
20847
28709
17875
17621
28576
19407
15169
25128
11022
26727
19857
22535
32478
25519
20892
23527
20974
1953
5849
11422
28891
25658
32147
16479
28612
13601
18866
11126
20386
5659
15078
4010
12336
7086
25243
17358
28116
3179
2407
18539
25115
185
10993
30478
21304
21497
31715
19249
3401
2701
5527
9235
10642
29538
2093
20991
5729
30456
21121
22422
1298
15675
26437
15891
25135
31827
27343
21408
994
28883
10412
26936
9065
11935
29882
32198
9608
3916
7003
12959
2364
31768
32704
21154
14035
31511
29
12273
19123
1759
27683
7759
21440
9432
9703
27832
2458
32678
2524
23958
29104
5825
8948
25836
16969
22705
31568
2215
9512
11328
14271
25453
14097
21812
21041
12058
12081
6671
19837
3137
11200
10406
13530
1196
27787
28517
12
20919
11273
23402
11065
6272
27859
29690
26207
3693
3665
26073
32490
24999
18023
11990
29109
29421
29392
2852
24424
6305
4794
9397
25528
18233
26595
9884
3495
5634
11875
308
1738
15758
12676
31671
7004
8420
30225
16954
17566
24979
2769
12406
16721
26017
18142
9786
23028
3872
3638
119
27924
20965
13383
26546
32611
25603
13112
12750
3173
13383
29926
26866
9998
31443
24631
14996
19843
19397
12213
763
32567
6274
32342
25599
27378
31124
22853
24500
22735
29433
8334
22475
22578
12878
11666
14861
29763
31929
9955
30479
7230
14413
30721
2553
28714
29019
31949
28180
6887
30227
4325
12531
10800
19722
7295
31275
25433
16458
16443
1971
30292
14196
17434
24525
24156
30539
845
18555
474
4198
17560
30747
23397
15055
25526
16196
32623
21489
9065
6564
13190
20069
20733
16995
17405
25307
7761
4789
25407
178
27502
15142
14594
30659
20647
28449
31312
22178
8785
11792
13199
14923
10329
29316
32468
14019
28488
29079
25064
11817
5263
28794
31038
3252
12526
11106
14402
30186
11043
19680
21038
11076
186
13784
8952
6537
14662
2692
15553
30414
12862
381
25512
2845
13024
1776
18864
1076
24859
16992
12019
4738
12387
10972
20386
677
8573
27887
4920
13411
8419
769
8305
16723
13288
23891
20332
14952
13507
30740
22756
26037
30726
16456
8825
17731
12624
354
29711
4433
32071
11679
3019
18742
32552
1066
19026
13699
2623
25692
18039
30068
3983
28523
21201
2593
29988
3722
16247
22714
19621
14788
30535
18204
28492
8171
24345
13534
24391
32181
21882
1982
14815
30824
18527
9596
16060
27320
20071
15496
63
28044
15633
18249
26132
10995
24827
23333
31181
24871
1408
29377
11599
9738
28055
9400
31187
27260
24590
2509
3062
30198
15396
20732
11982
6531
28474
16591
9305
16675
29742
6996
6803
19757
24477
15428
15225
16364
15088
24024
12792
10194
28620
29094
1515
31708
29108
23306
19156
24121
26665
14346
8174
18105
26918
24516
25521
1030
21376
30652
1940
11037
24130
6704
13578
30014
6469
13063
4049
22629
21232
15652
30938
14504
22436
24702
25840
8402
425
3651
1991
3433
14864
26046
17393
4568
7921
406
9837
9386
14185
22407
14435
10148
20177
3824
30265
19945
15369
1120
2020
19100
2019
16099
32366
555
27154
2436
6693
15553
29753
30643
19300
13536
25717
1888
28374
10379
2186
5345
29950
32400
6293
6615
14120
18264
16124
8373
30647
8630
17186
27084
21334
1843
23457
20612
22375
15626
5309
21019
32541
28633
23942
5700
9825
16150
17980
9511
606
24693
14205
17702
26279
374
25498
25227
30244
5374
16360
22216
5459
17603
26059
16713
20420
17323
12776
22078
8206
18979
11339
3407
11147
32152
2156
28622
26783
21692
16261
14760
837
6936
9095
6827
27899
25670
9263
2486
4525
25844
3066
29409
8964
24900
23436
18001
15659
3127
2923
15343
23507
19868
16226
4082
32023
7706
27569
12156
22036
25036
28514
4276
8690
1986
7804
21656
9311
3559
8099
13922
1448
15293
26696
16061
31213
7488
4172
32280
9673
29584
7189
4176
23531
13234
5299
20808
12305
261
26039
24021
31291
1463
29501
31157
2061
6970
22772
2196
20746
7875
7949
22590
72
8460
11651
27835
5408
24049
28284
16861
18061
29427
29696
8391
18167
4495
7461
3823
2169
8118
3829
572
25286
30320
31960
29521
16192
30840
27272
1033
25264
8054
713
22751
20866
19180
25258
32297
31185
21693
9297
2702
16399
28554
8670
19776
7871
27145
23125
26057
1771
4307
28049
6609
30381
29073
19768
7352
22951
8898
21470
9312
29554
22676
25269
18020
7459
26870
5409
31675
27672
29694
32316
20260
22237
6789
10282
13553
25453
18790
5662
18433
4481
82
19014
28196
30568
20867
12999
14291
25449
1675
29221
12331
724
16456
32050
17656
25031
10621
1966
10220
1293
5476
11907
20732
24210
18786
1415
12539
24587
5101
9896
26884
11647
10373
7091
32385
16245
18404
5230
9284
27156
16377
18186
922
29125
30389
31569
20133
30705
6215
6043
13833
18731
22370
26501
29844
23779
8372
29733
29197
25868
16597
23791
24099
314
26810
20349
14227
20061
30388
26985
2884
18166
18229
16181
8710
31619
26975
17872
27994
2956
21418
22979
14726
27395
16018
20939
18860
18228
24335
2926
2763
15500
589
8460
23201
31084
21578
28844
1219
28098
13501
17909
26912
21626
24294
7161
18465
1926
14054
3773
32353
30852
8239
5069
30077
21369
25580
17350
1040
28501
26465
953
3094
20843
3288
2331
18831
24820
27877
23529
14531
27162
19353
19518
26748
20883
2158
29734
15121
23178
21465
22179
8393
11880
9714
21203
29939
14720
26467
1581
29592
25790
17319
21646
14635
511
11122
29377
6504
19428
13122
19822
4974
25530
21347
26238
3245
12217
22085
23895
16546
24364
9854
6184
27948
15700
10920
17720
28988
14824
19263
24144
16973
5980
30742
32082
23793
22318
23894
31017
7094
4828
29844
29141
1667
225
9077
26695
17810
4967
6215
29279
24311
15818
19170
4128
11145
18240
29624
25232
3254
13142
27213
23913
1307
28431
5946
15725
31294
22119
1336
20948
11297
14720
28517
19833
32165
20482
21095
18153
24998
6967
32349
30485
8548
24990
16202
1240
27132
32180
29422
27856
25641
25200
31739
31536
9494
12643
18381
27537
29501
30754
20078
3425
15832
19186
10754
12568
17927
13960
1113
786
2261
2135
14988
32283
32301
28046
15687
18903
31798
23208
834
2322
27511
7710
491
30035
26789
16586
2822
10035
1731
8281
9321
24097
23322
24175
16211
31456
324
12210
20320
19807
12019
31930
5219
9536
13526
25120
30552
4265
11776
20938
10496
18997
8240
9065
8491
916
20729
29350
27447
14353
17987
8098
5933
26988
31878
12768
4120
22102
28888
11289
3610
31307
31362
31725
5558
22482
6846
15573
24010
24874
19575
7970
25309
10787
25595
27662
5472
24791
17624
22759
80
32384
25955
13362
5713
15588
31530
3120
19322
11707
21051
6223
25692
9847
16000
31123
2636
2264
31394
28741
30542
2176
3518
6461
11812
31781
28336
23767
20381
16287
22462
2724
14632
22650
904
7936
28248
13422
12334
30297
17850
14247
13881
16407
17590
1444
11288
3058
16153
13871
38
14093
26644
14206
20608
20892
26389
21147
28693
3341
9254
22802
25247
22984
29169
10518
14859
12422
14257
14816
4962
3601
6708
28771
9951
12678
19245
7222
25466
14458
91
13685
30486
13066
2887
11724
30276
11962
26805
899
5560
27459
8078
23482
26355
23591
20652
16231
7264
11538
17090
6932
432
26275
29099
9445
889
17333
384
26501
2622
1194
6218
10573
30076
23109
20842
28381
1727
17840
4689
20651
19002
29962
13586
26095
24795
3074
32198
1948
29148
22680
28205
3463
10965
14388
12169
11740
23716
4712
15529
14383
6150
6943
2209
26839
24557
28550
26064
23637
15369
13994
17217
26728
5281
4814
9998
5554
7920
27467
9538
22761
28216
8171
18457
23791
15992
12803
17441
26814
15634
32557
6721
4663
23660
8771
11282
8093
12727
25187
8625
9049
14878
6561
25110
20365
13572
26677
8154
30003
24244
25063
20161
5053
24910
30143
7432
12468
29454
25261
12247
1969
5910
20771
2392
4876
68
25217
6432
1186
16594
19158
30834
5049
23201
11709
22867
21753
1132
22060
24339
25831
12002
6549
15458
2359
2701
26117
29762
24466
30958
27455
23720
31877
19050
1490
7217
3720
15363
23377
27940
29465
18362
14322
17555
1859
24825
19528
27313
8407
11468
26045
27242
15967
2999
12758
18182
8670
32218
19273
1747
9266
20165
3382
15713
30455
12084
16730
31767
16175
15631
7446
15634
22133
18588
7852
1432
22889
27568
46
29676
1106
17850
595
24167
21583
24875
19300
7234
870
20123
19589
4977
11858
1356
21571
24095
14419
11791
15504
21640
26517
884
17214
11724
14252
23107
27408
23527
804
3623
13570
25064
31654
15294
11049
29415
30904
15767
7953
20349
16781
27235
32212
31344
12460
15173
27986
31944
1294
6131
22781
2746
12549
916
9567
17902
20458
257
4500
29669
809
5504
5135
25286
13948
27494
15501
24156
16566
18732
1345
30912
21800
20464
3373
15429
15210
5279
24884
29335
18950
25693
3126
21192
13215
25874
3404
8772
7898
15734
4065
15009
29086
27760
25121
22980
10876
5387
19769
16258
26076
27893
31357
405
21973
23276
1379
26753
11207
18133
15484
8819
26984
1773
21297
1117
31267
5868
1366
30844
10100
25709
27427
17065
22658
1147
28492
18315
19126
8389
4634
24622
31271
11560
19058
11979
6206
24027
167
11174
5004
3489
12968
25139
25965
3909
9122
11837
20302
10940
11966
32354
13154
32716
28358
24442
9372
32298
27712
23703
9330
18345
9641
20820
9561
6826
12084
29086
14447
3254
6905
19507
17927
21395
4755
10947
20001
19018
4713
21704
20492
11802
31240
1663
3860
24623
31249
29124
11591
6547
829
9764
714
14113
11375
13281
16845
12747
27105
8603
32402
5131
16079
11825
5904
18105
29983
16829
2891
29255
30518
29852
19531
7895
9232
6511
21282
11968
24287
18670
25069
31660
16093
8136
22547
17132
28470
4333
3725
17411
6727
18671
14205
3224
2473
30049
6541
27218
20001
32339
31589
568
17239
29423
29258
16
7401
23658
21172
28339
159
12465
19796
20517
24545
27653
5482
14891
21687
17350
15054
5929
15326
16111
15867
19903
20481
30848
23368
13233
17408
31156
6866
23354
11423
29744
21859
7162
2729
19954
32446
14183
17566
3523
7535
5861
27827
4722
25356
4789
8301
21180
9741
31004
31875
24498
25009
26943
4806
30968
23065
11149
10819
7248
7831
32353
26554
14364
24909
26697
10896
31960
3892
7765
11302
10019
12802
5945
17249
11055
16321
5863
16378
16455
3628
27792
24768
1525
24178
28671
31982
12756
4170
15057
29887
21038
10630
27811
29825
21136
13770
15044
30791
29534
85
9535
23950
1613
32055
20015
31684
24745
28405
3268
4311
9224
11600
24365
29132
21952
1454
3986
4043
30226
890
30478
32414
20393
26412
18628
10506
785
28555
19422
15166
9603
27684
550
25961
16741
13049
28050
958
397
29782
17778
29739
26711
29001
28926
30251
21917
6648
25619
10893
10549
30345
12933
7737
26356
22679
27183
19925
22229
8139
30227
29218
30973
6019
11452
22217
1760
31256
26905
8299
19076
16062
31526
4732
32440
27426
19968
22503
20620
10513
24546
24554
32031
21086
22823
28896
20105
31412
21356
21899
28966
6830
746
29411
27079
19651
11067
7805
24356
4153
29348
10896
24326
12625
21956
24349
21271
17145
21715
239
17272
30968
12844
2911
419
20662
10269
10463
2458
14082
16225
30540
30304
19901
24221
27193
26847
5892
9217
21967
8205
16762
24833
11486
25998
23320
9284
25934
32549
20093
8412
31689
9217
3054
11491
17335
24502
11456
13961
10822
30484
31092
7453
22175
12558
21767
10167
26687
4636
20869
29790
7620
21220
20442
3267
25489
31500
4888
29883
29740
25358
5506
15644
21402
10716
13886
952
22701
20770
9450
18763
30862
21599
12523
10174
30558
31772
32022
4759
18560
12971
11431
20895
4207
10233
31021
25806
9789
24839
31961
5649
26991
14224
4087
32735
19398
12068
22396
16312
10988
14800
13788
13339
5372
26548
25943
25352
13071
30373
7965
21039
7691
20211
14834
13237
23796
28541
3427
292
11737
23292
22427
28640
10728
9890
14320
18698
7957
2358
31303
9271
28506
13481
13493
14658
32109
7903
31059
24750
9789
2126
23921
26230
29141
14300
9107
22199
28269
4654
3401
24718
2452
17681
30868
5734
4677
20255
24944
8110
22593
28729
27033
5980
30950
12412
14462
9264
24539
2417
9824
17928
28011
31573
16410
8492
20448
30434
27660
7523
15503
29124
22618
15807
31826
7854
9368
17037
29108
9745
6196
3007
5291
5655
2421
28335
3188
27526
27043
25737
12123
16931
1710
20147
8100
12135
25656
25774
32265
32573
18322
21563
27535
16979
26723
14650
4064
5714
12541
21720
20009
12380
29563
31300
1832
10944
20136
15860
8193
29106
24667
2488
7812
15281
29888
26911
4576
2651
21639
28276
2586
21707
29271
3813
27516
17425
4644
4374
13016
18640
5867
22724
28042
4589
10368
6580
10152
2994
32211
1043
2544
25634
5795
27121
11466
25451
25258
10129
18045
24415
21318
4305
30811
17240
25078
3559
18865
5641
13655
22835
199
20432
5465
17565
24462
4127
9688
9224
19796
7209
23129
16683
23023
569
2135
12975
7959
29992
20060
30830
10697
26611
19903
20004
15718
9153
26866
10942
2945
22117
23098
9102
1671
1939
6473
5891
6601
16331
4807
16324
4605
12627
25851
1452
2291
1680
4445
1161
4437
26338
26718
16611
22012
29461
32426
32665
26306
3765
28979
361
18129
22515
15924
6335
27515
1558
16084
13019
5996
5585
23402
5255
25434
13840
10788
26422
23405
28268
5443
25029
19767
5785
7863
17364
23536
29884
30510
6087
3421
283
9427
2487
24942
16658
8661
26349
30010
29219
30991
20021
27267
26949
7644
9365
20373
30410
697
30806
19285
19013
29803
25763
42
6992
19977
12322
3908
24992
9937
8125
27140
19378
15272
186
8317
21084
13637
523
7429
18342
20995
15564
22583
13796
28788
1829
11888
4447
28491
26731
19327
27228
20473
2078
21878
21755
6076
27665
30356
385
12713
15511
32563
156
24679
32421
22187
20155
25095
23374
3252
29990
46
23372
12050
23083
8740
372
31493
22354
10621
23158
23178
22357
25318
27350
28644
28309
10776
16674
9491
28583
18237
20677
9910
738
11994
20529
1215
20844
20851
747
5067
12893
25291
21961
18832
21024
10638
18263
28929
16178
9231
4358
31117
29463
